A,B
2.405235E+02, 0.000000E+00
2.405235E+02, 0.000000E+00
2.405235E+02, 0.000000E+00
2.405236E+02, 0.000000E+00
2.405237E+02, 0.000000E+00
2.405237E+02,-9.604813E-06
2.405238E+02,-1.972003E-05
2.405239E+02,-3.588337E-05
2.405239E+02,-5.948656E-05
2.405240E+02,-9.149632E-05
2.405240E+02,-1.322494E-04
2.405240E+02,-1.815581E-04
2.405240E+02,-2.390749E-04
2.405240E+02,-3.043950E-04
2.405240E+02,-3.769936E-04
2.405240E+02,-4.562435E-04
2.405239E+02,-5.414358E-04
2.405238E+02,-6.317992E-04
2.405238E+02,-7.265190E-04
2.405237E+02,-8.247548E-04
2.405236E+02,-9.256576E-04
2.405236E+02,-1.028385E-03
2.405235E+02,-1.132114E-03
2.405235E+02,-1.236055E-03
2.405234E+02,-1.339463E-03
2.405234E+02,-1.441643E-03
2.405234E+02,-1.541961E-03
2.405233E+02,-1.639847E-03
2.405233E+02,-1.734802E-03
2.405233E+02,-1.826397E-03
2.405234E+02,-1.914275E-03
2.405234E+02,-1.998152E-03
2.405234E+02,-2.077815E-03
2.405235E+02,-2.153118E-03
2.405235E+02,-2.223979E-03
2.405236E+02,-2.290377E-03
2.405236E+02,-2.352347E-03
2.405237E+02,-2.409970E-03
2.405237E+02,-2.463375E-03
2.405237E+02,-2.512725E-03
2.405238E+02,-2.558217E-03
2.405238E+02,-2.600072E-03
2.405239E+02,-2.638529E-03
2.405239E+02,-2.673842E-03
2.405239E+02,-2.706271E-03
2.405239E+02,-2.736081E-03
2.405240E+02,-2.763531E-03
2.405240E+02,-2.788876E-03
2.405240E+02,-2.812360E-03
2.405240E+02,-2.834210E-03
2.405240E+02,-2.854640E-03
2.405240E+02,-2.873843E-03
2.405239E+02,-2.891992E-03
2.405239E+02,-2.909237E-03
2.405239E+02,-2.925706E-03
2.405239E+02,-2.941504E-03
2.405239E+02,-2.956713E-03
2.405238E+02,-2.971393E-03
2.405238E+02,-2.985582E-03
2.405238E+02,-2.999301E-03
2.405238E+02,-3.012547E-03
2.405238E+02,-3.025306E-03
2.405237E+02,-3.037546E-03
2.405237E+02,-3.049222E-03
2.405237E+02,-3.060280E-03
2.405237E+02,-3.070656E-03
2.405237E+02,-3.080280E-03
2.405237E+02,-3.089078E-03
2.405236E+02,-3.096972E-03
2.405236E+02,-3.103887E-03
2.405236E+02,-3.109747E-03
2.405236E+02,-3.114477E-03
2.405236E+02,-3.118012E-03
2.405236E+02,-3.120287E-03
2.405236E+02,-3.121247E-03
2.405236E+02,-3.120844E-03
2.405235E+02,-3.119040E-03
2.405235E+02,-3.115803E-03
2.405235E+02,-3.111113E-03
2.405235E+02,-3.104957E-03
2.405235E+02,-3.097334E-03
2.405235E+02,-3.088251E-03
2.405235E+02,-3.077722E-03
2.405235E+02,-3.065771E-03
2.405234E+02,-3.052431E-03
2.405234E+02,-3.037740E-03
2.405234E+02,-3.021743E-03
2.405234E+02,-3.004489E-03
2.405234E+02,-2.986034E-03
2.405234E+02,-2.966435E-03
2.405234E+02,-2.945753E-03
2.405234E+02,-2.924051E-03
2.405234E+02,-2.901391E-03
2.405234E+02,-2.877837E-03
2.405233E+02,-2.853451E-03
2.405233E+02,-2.828293E-03
2.405233E+02,-2.802422E-03
2.405233E+02,-2.775893E-03
2.405233E+02,-2.748758E-03
2.405233E+02,-2.721064E-03
2.405233E+02,-2.692856E-03
2.405233E+02,-2.664172E-03
2.405233E+02,-2.635048E-03
2.405233E+02,-2.605512E-03
2.405233E+02,-2.575590E-03
2.405234E+02,-2.545302E-03
2.405234E+02,-2.514663E-03
2.405234E+02,-2.483685E-03
2.405234E+02,-2.452376E-03
2.405234E+02,-2.420738E-03
2.405234E+02,-2.388773E-03
2.405234E+02,-2.356478E-03
2.405234E+02,-2.323847E-03
2.405234E+02,-2.290873E-03
2.405234E+02,-2.257548E-03
2.405234E+02,-2.223862E-03
2.405235E+02,-2.189804E-03
2.405235E+02,-2.155364E-03
2.405235E+02,-2.120531E-03
2.405235E+02,-2.085297E-03
2.405235E+02,-2.049652E-03
2.405235E+02,-2.013588E-03
2.405235E+02,-1.977101E-03
2.405235E+02,-1.940187E-03
2.405235E+02,-1.902843E-03
2.405236E+02,-1.865071E-03
2.405236E+02,-1.826875E-03
2.405236E+02,-1.788258E-03
2.405236E+02,-1.749230E-03
2.405236E+02,-1.709801E-03
2.405236E+02,-1.669985E-03
2.405236E+02,-1.629795E-03
2.405236E+02,-1.589250E-03
2.405236E+02,-1.548369E-03
2.405236E+02,-1.507174E-03
2.405237E+02,-1.465687E-03
2.405237E+02,-1.423932E-03
2.405237E+02,-1.381935E-03
2.405237E+02,-1.339721E-03
2.405237E+02,-1.297318E-03
2.405237E+02,-1.254753E-03
2.405237E+02,-1.212053E-03
2.405237E+02,-1.169244E-03
2.405237E+02,-1.126353E-03
2.405237E+02,-1.083406E-03
2.405237E+02,-1.040428E-03
2.405237E+02,-9.974429E-04
2.405237E+02,-9.544728E-04
2.405237E+02,-9.115394E-04
2.405237E+02,-8.686624E-04
2.405237E+02,-8.258600E-04
2.405237E+02,-7.831490E-04
2.405237E+02,-7.405443E-04
2.405237E+02,-6.980591E-04
2.405237E+02,-6.557052E-04
2.405237E+02,-6.134924E-04
2.405237E+02,-5.714293E-04
2.405237E+02,-5.295228E-04
2.405237E+02,-4.877786E-04
2.405237E+02,-4.462011E-04
2.405237E+02,-4.047933E-04
2.405236E+02,-3.635577E-04
2.405236E+02,-3.224955E-04
2.405236E+02,-2.816075E-04
2.405236E+02,-2.408938E-04
2.405236E+02,-2.003542E-04
2.405236E+02,-1.599883E-04
2.405236E+02,-1.197955E-04
2.405236E+02,-7.977551E-05
2.405236E+02,-3.992796E-05
2.405236E+02, 0.000000E+00
2.405236E+02, 3.924788E-05
2.405236E+02, 7.857573E-05
2.405235E+02, 1.177278E-04
2.405235E+02, 1.567018E-04
2.405235E+02, 1.954946E-04
2.405235E+02, 2.341024E-04
2.405235E+02, 2.725205E-04
2.405235E+02, 3.107434E-04
2.405235E+02, 3.487650E-04
2.405235E+02, 3.865781E-04
2.405235E+02, 4.241750E-04
2.405235E+02, 4.615472E-04
2.405235E+02, 4.986856E-04
2.405235E+02, 5.355807E-04
2.405235E+02, 5.722221E-04
2.405235E+02, 6.085994E-04
2.405235E+02, 6.447017E-04
2.405235E+02, 6.805178E-04
2.405234E+02, 7.160364E-04
2.405234E+02, 7.512464E-04
2.405234E+02, 7.861363E-04
2.405234E+02, 8.206951E-04
2.405234E+02, 8.549119E-04
2.405234E+02, 8.887759E-04
2.405234E+02, 9.222770E-04
2.405234E+02, 9.554052E-04
2.405234E+02, 9.881513E-04
2.405234E+02, 1.020507E-03
2.405234E+02, 1.052463E-03
2.405234E+02, 1.084012E-03
2.405234E+02, 1.115147E-03
2.405234E+02, 1.145863E-03
2.405234E+02, 1.176152E-03
2.405234E+02, 1.206011E-03
2.405235E+02, 1.235435E-03
2.405235E+02, 1.264419E-03
2.405235E+02, 1.292962E-03
2.405235E+02, 1.321060E-03
2.405235E+02, 1.348711E-03
2.405235E+02, 1.375913E-03
2.405235E+02, 1.402665E-03
2.405235E+02, 1.428966E-03
2.405235E+02, 1.454816E-03
2.405235E+02, 1.480214E-03
2.405235E+02, 1.505161E-03
2.405235E+02, 1.529655E-03
2.405235E+02, 1.553697E-03
2.405235E+02, 1.577287E-03
2.405235E+02, 1.600425E-03
2.405235E+02, 1.623111E-03
2.405235E+02, 1.645344E-03
2.405235E+02, 1.667126E-03
2.405235E+02, 1.688454E-03
2.405236E+02, 1.709329E-03
2.405236E+02, 1.729749E-03
2.405236E+02, 1.749713E-03
2.405236E+02, 1.769219E-03
2.405236E+02, 1.788267E-03
2.405236E+02, 1.806854E-03
2.405236E+02, 1.824977E-03
2.405236E+02, 1.842635E-03
2.405236E+02, 1.859824E-03
2.405236E+02, 1.876542E-03
2.405236E+02, 1.892785E-03
2.405236E+02, 1.908550E-03
2.405236E+02, 1.923835E-03
2.405236E+02, 1.938634E-03
2.405236E+02, 1.952946E-03
2.405236E+02, 1.966765E-03
2.405236E+02, 1.980089E-03
2.405236E+02, 1.992914E-03
2.405236E+02, 2.005236E-03
2.405236E+02, 2.017052E-03
2.405236E+02, 2.028358E-03
2.405236E+02, 2.039151E-03
2.405236E+02, 2.049429E-03
2.405236E+02, 2.059188E-03
2.405236E+02, 2.068426E-03
2.405236E+02, 2.077140E-03
2.405236E+02, 2.085328E-03
2.405236E+02, 2.092988E-03
2.405236E+02, 2.100119E-03
2.405236E+02, 2.106719E-03
2.405236E+02, 2.112787E-03
2.405236E+02, 2.118321E-03
2.405236E+02, 2.123322E-03
2.405236E+02, 2.127789E-03
2.405236E+02, 2.131721E-03
2.405236E+02, 2.135119E-03
2.405236E+02, 2.137982E-03
2.405236E+02, 2.140312E-03
2.405236E+02, 2.142107E-03
2.405236E+02, 2.143370E-03
2.405236E+02, 2.144100E-03
2.405236E+02, 2.144298E-03
2.405236E+02, 2.143966E-03
2.405236E+02, 2.143104E-03
2.405236E+02, 2.141713E-03
2.405236E+02, 2.139794E-03
2.405235E+02, 2.137347E-03
2.405235E+02, 2.134374E-03
2.405235E+02, 2.130876E-03
2.405235E+02, 2.126853E-03
2.405235E+02, 2.122306E-03
2.405235E+02, 2.117235E-03
2.405235E+02, 2.111642E-03
2.405235E+02, 2.105526E-03
2.405235E+02, 2.098887E-03
2.405235E+02, 2.091727E-03
2.405235E+02, 2.084046E-03
2.405235E+02, 2.075842E-03
2.405235E+02, 2.067117E-03
2.405235E+02, 2.057870E-03
2.405235E+02, 2.048101E-03
2.405235E+02, 2.037811E-03
2.405235E+02, 2.026997E-03
2.405235E+02, 2.015661E-03
2.405235E+02, 2.003802E-03
2.405235E+02, 1.991420E-03
2.405235E+02, 1.978514E-03
2.405235E+02, 1.965084E-03
2.405235E+02, 1.951129E-03
2.405235E+02, 1.936650E-03
2.405235E+02, 1.921645E-03
2.405235E+02, 1.906115E-03
2.405235E+02, 1.890060E-03
2.405235E+02, 1.873480E-03
2.405235E+02, 1.856373E-03
2.405235E+02, 1.838741E-03
2.405235E+02, 1.820584E-03
2.405235E+02, 1.801902E-03
2.405235E+02, 1.782694E-03
2.405235E+02, 1.762962E-03
2.405235E+02, 1.742706E-03
2.405235E+02, 1.721927E-03
2.405235E+02, 1.700625E-03
2.405235E+02, 1.678801E-03
2.405235E+02, 1.656456E-03
2.405235E+02, 1.633598E-03
2.405235E+02, 1.609983E-03
2.405235E+02, 1.584546E-03
2.405235E+02, 1.555484E-03
2.405235E+02, 1.521667E-03
2.405235E+02, 1.484365E-03
2.405235E+02, 1.448528E-03
2.405235E+02, 1.423880E-03
2.405235E+02, 1.425845E-03
2.405235E+02, 1.476310E-03
2.405235E+02, 1.585403E-03
2.405232E+02, 1.528332E-03
2.405230E+02, 1.859073E-03
2.405225E+02, 2.014914E-03
2.405216E+02, 2.337386E-03
2.405204E+02, 2.925455E-03
2.405188E+02, 3.862768E-03
2.405168E+02, 5.238919E-03
2.405144E+02, 7.150686E-03
2.405114E+02, 9.701291E-03
2.405087E+02, 1.372950E-02
2.405061E+02, 1.860208E-02
2.405035E+02, 2.441206E-02
2.405011E+02, 3.126086E-02
2.404988E+02, 3.925724E-02
2.404966E+02, 4.851289E-02
2.404945E+02, 5.914116E-02
2.404925E+02, 7.125618E-02
2.404905E+02, 8.497199E-02
2.404886E+02, 1.004017E-01
2.404866E+02, 1.176568E-01
2.404845E+02, 1.368465E-01
2.404823E+02, 1.580772E-01
2.404799E+02, 1.814518E-01
2.404775E+02, 2.070694E-01
2.404748E+02, 2.350250E-01
2.404722E+02, 2.654089E-01
2.404695E+02, 2.983070E-01
2.404669E+02, 3.338000E-01
2.404644E+02, 3.719641E-01
2.404622E+02, 4.128705E-01
2.404604E+02, 4.565853E-01
2.404590E+02, 5.031704E-01
2.404581E+02, 5.526827E-01
2.404579E+02, 6.051749E-01
2.404583E+02, 6.606958E-01
2.404596E+02, 7.192899E-01
2.404616E+02, 7.809983E-01
2.404643E+02, 8.458587E-01
2.404679E+02, 9.139059E-01
2.404721E+02, 9.851717E-01
2.404770E+02, 1.059686E+00
2.404824E+02, 1.137475E+00
2.404883E+02, 1.218565E+00
2.404945E+02, 1.302979E+00
2.405010E+02, 1.390739E+00
2.405074E+02, 1.481867E+00
2.405138E+02, 1.576382E+00
2.405200E+02, 1.674302E+00
2.405258E+02, 1.775648E+00
2.405312E+02, 1.880436E+00
2.405360E+02, 1.988683E+00
2.405402E+02, 2.100417E+00
2.405438E+02, 2.215739E+00
2.405467E+02, 2.334733E+00
2.405489E+02, 2.457483E+00
2.405501E+02, 2.584074E+00
2.405505E+02, 2.714584E+00
2.405498E+02, 2.849083E+00
2.405481E+02, 2.987626E+00
2.405452E+02, 3.130257E+00
2.405411E+02, 3.276998E+00
2.405358E+02, 3.427857E+00
2.405294E+02, 3.582816E+00
2.405219E+02, 3.741839E+00
2.405136E+02, 3.904864E+00
2.405045E+02, 4.071806E+00
2.404949E+02, 4.242552E+00
2.404850E+02, 4.416965E+00
2.404753E+02, 4.594881E+00
2.404659E+02, 4.776108E+00
2.404573E+02, 4.960427E+00
2.404497E+02, 5.147593E+00
2.404435E+02, 5.337332E+00
2.404390E+02, 5.529345E+00
2.404364E+02, 5.723309E+00
2.404357E+02, 5.918878E+00
2.404369E+02, 6.115687E+00
2.404400E+02, 6.313362E+00
2.404445E+02, 6.511518E+00
2.404502E+02, 6.709762E+00
2.404566E+02, 6.907694E+00
2.404633E+02, 7.104907E+00
2.404697E+02, 7.300997E+00
2.404751E+02, 7.495564E+00
2.404790E+02, 7.688215E+00
2.404808E+02, 7.878569E+00
2.404803E+02, 8.066260E+00
2.404772E+02, 8.250941E+00
2.404716E+02, 8.432285E+00
2.404634E+02, 8.609987E+00
2.404529E+02, 8.783766E+00
2.404403E+02, 8.953364E+00
2.404262E+02, 9.118547E+00
2.404110E+02, 9.279105E+00
2.403952E+02, 9.434852E+00
2.403794E+02, 9.585627E+00
2.403643E+02, 9.731300E+00
2.403504E+02, 9.871764E+00
2.403382E+02, 1.000693E+01
2.403285E+02, 1.013673E+01
2.403217E+02, 1.026111E+01
2.403184E+02, 1.038003E+01
2.403190E+02, 1.049344E+01
2.403239E+02, 1.060133E+01
2.403329E+02, 1.070366E+01
2.403458E+02, 1.080043E+01
2.403622E+02, 1.089162E+01
2.403816E+02, 1.097721E+01
2.404031E+02, 1.105719E+01
2.404260E+02, 1.113153E+01
2.404491E+02, 1.120022E+01
2.404718E+02, 1.126323E+01
2.404931E+02, 1.132052E+01
2.405124E+02, 1.137206E+01
2.405293E+02, 1.141779E+01
2.405433E+02, 1.145766E+01
2.405544E+02, 1.149161E+01
2.405625E+02, 1.151956E+01
2.405679E+02, 1.154145E+01
2.405707E+02, 1.155719E+01
2.405714E+02, 1.156669E+01
2.405700E+02, 1.156987E+01
2.405665E+02, 1.156664E+01
2.405608E+02, 1.155693E+01
2.405529E+02, 1.154067E+01
2.405427E+02, 1.151781E+01
2.405304E+02, 1.148830E+01
2.405161E+02, 1.145211E+01
2.405000E+02, 1.140925E+01
2.404822E+02, 1.135971E+01
2.404630E+02, 1.130353E+01
2.404429E+02, 1.124074E+01
2.404223E+02, 1.117143E+01
2.404016E+02, 1.109567E+01
2.403813E+02, 1.101359E+01
2.403620E+02, 1.092532E+01
2.403440E+02, 1.083100E+01
2.403279E+02, 1.073074E+01
2.403141E+02, 1.062469E+01
2.403027E+02, 1.051302E+01
2.402941E+02, 1.039594E+01
2.402884E+02, 1.027368E+01
2.402856E+02, 1.014652E+01
2.402859E+02, 1.001475E+01
2.402893E+02, 9.878683E+00
2.402958E+02, 9.738676E+00
2.403052E+02, 9.595097E+00
2.403174E+02, 9.448334E+00
2.403320E+02, 9.298793E+00
2.403489E+02, 9.146890E+00
2.403676E+02, 8.993048E+00
2.403872E+02, 8.837674E+00
2.404071E+02, 8.681093E+00
2.404264E+02, 8.523625E+00
2.404442E+02, 8.365572E+00
2.404599E+02, 8.207214E+00
2.404726E+02, 8.048810E+00
2.404818E+02, 7.890599E+00
2.404873E+02, 7.732797E+00
2.404889E+02, 7.575601E+00
2.404867E+02, 7.419184E+00
2.404809E+02, 7.263701E+00
2.404719E+02, 7.109288E+00
2.404603E+02, 6.956062E+00
2.404467E+02, 6.804125E+00
2.404322E+02, 6.653564E+00
2.404176E+02, 6.504452E+00
2.404039E+02, 6.356853E+00
2.403922E+02, 6.210818E+00
2.403833E+02, 6.066394E+00
2.403779E+02, 5.923618E+00
2.403763E+02, 5.782525E+00
2.403786E+02, 5.643144E+00
2.403843E+02, 5.505506E+00
2.403930E+02, 5.369636E+00
2.404039E+02, 5.235564E+00
2.404162E+02, 5.103317E+00
2.404291E+02, 4.972926E+00
2.404418E+02, 4.844424E+00
2.404535E+02, 4.717848E+00
2.404637E+02, 4.593239E+00
2.404719E+02, 4.470641E+00
2.404776E+02, 4.350106E+00
2.404808E+02, 4.231689E+00
2.404814E+02, 4.115445E+00
2.404798E+02, 4.001433E+00
2.404762E+02, 3.889710E+00
2.404713E+02, 3.780331E+00
2.404656E+02, 3.673349E+00
2.404599E+02, 3.568811E+00
2.404548E+02, 3.466762E+00
2.404508E+02, 3.367238E+00
2.404484E+02, 3.270268E+00
2.404478E+02, 3.175876E+00
2.404487E+02, 3.084074E+00
2.404509E+02, 2.994868E+00
2.404540E+02, 2.908255E+00
2.404575E+02, 2.824223E+00
2.404609E+02, 2.742753E+00
2.404637E+02, 2.663817E+00
2.404657E+02, 2.587379E+00
2.404663E+02, 2.513397E+00
2.404653E+02, 2.441822E+00
2.404625E+02, 2.372596E+00
2.404579E+02, 2.305661E+00
2.404516E+02, 2.240948E+00
2.404437E+02, 2.178389E+00
2.404347E+02, 2.117908E+00
2.404247E+02, 2.059430E+00
2.404143E+02, 2.002875E+00
2.404040E+02, 1.948164E+00
2.403942E+02, 1.895216E+00
2.403855E+02, 1.843950E+00
2.403784E+02, 1.794286E+00
2.403733E+02, 1.746146E+00
2.403707E+02, 1.699452E+00
2.403708E+02, 1.654130E+00
2.403737E+02, 1.610108E+00
2.403795E+02, 1.567318E+00
2.403882E+02, 1.525694E+00
2.403993E+02, 1.485177E+00
2.404126E+02, 1.445709E+00
2.404276E+02, 1.407239E+00
2.404437E+02, 1.369718E+00
2.404603E+02, 1.333103E+00
2.404768E+02, 1.297356E+00
2.404926E+02, 1.262442E+00
2.405071E+02, 1.228330E+00
2.405199E+02, 1.194996E+00
2.405306E+02, 1.162417E+00
2.405391E+02, 1.130573E+00
2.405452E+02, 1.099450E+00
2.405489E+02, 1.069035E+00
2.405503E+02, 1.039318E+00
2.405497E+02, 1.010291E+00
2.405472E+02, 9.819480E-01
2.405434E+02, 9.542845E-01
2.405385E+02, 9.272973E-01
2.405329E+02, 9.009835E-01
2.405269E+02, 8.753411E-01
2.405208E+02, 8.503679E-01
2.405149E+02, 8.260618E-01
2.405092E+02, 8.024201E-01
2.405039E+02, 7.794397E-01
2.404992E+02, 7.571167E-01
2.404949E+02, 7.354462E-01
2.404912E+02, 7.144223E-01
2.404880E+02, 6.940379E-01
2.404852E+02, 6.742846E-01
2.404829E+02, 6.551528E-01
2.404808E+02, 6.366315E-01
2.404792E+02, 6.187293E-01
2.404780E+02, 6.015304E-01
2.404771E+02, 5.851000E-01
2.404764E+02, 5.694947E-01
2.404759E+02, 5.547633E-01
2.404754E+02, 5.409428E-01
2.404751E+02, 5.280577E-01
2.404747E+02, 5.161191E-01
2.404743E+02, 5.051249E-01
2.404739E+02, 4.950605E-01
2.404736E+02, 4.858993E-01
2.404734E+02, 4.776035E-01
2.404734E+02, 4.701256E-01
2.404738E+02, 4.634095E-01
2.404747E+02, 4.573919E-01
2.404761E+02, 4.520038E-01
2.404781E+02, 4.471719E-01
2.404809E+02, 4.428203E-01
2.404843E+02, 4.388717E-01
2.404882E+02, 4.352489E-01
2.404926E+02, 4.318761E-01
2.404972E+02, 4.286801E-01
2.405018E+02, 4.255915E-01
2.405061E+02, 4.225453E-01
2.405098E+02, 4.194818E-01
2.405129E+02, 4.163474E-01
2.405149E+02, 4.130950E-01
2.405159E+02, 4.096845E-01
2.405158E+02, 4.060826E-01
2.405145E+02, 4.022635E-01
2.405121E+02, 3.982081E-01
2.405088E+02, 3.939046E-01
2.405047E+02, 3.893475E-01
2.405001E+02, 3.845375E-01
2.404953E+02, 3.794812E-01
2.404905E+02, 3.741903E-01
2.404862E+02, 3.686811E-01
2.404825E+02, 3.629738E-01
2.404797E+02, 3.570922E-01
2.404780E+02, 3.510623E-01
2.404775E+02, 3.449123E-01
2.404782E+02, 3.386716E-01
2.404800E+02, 3.323702E-01
2.404828E+02, 3.260382E-01
2.404863E+02, 3.197051E-01
2.404903E+02, 3.133991E-01
2.404944E+02, 3.071471E-01
2.404985E+02, 3.009739E-01
2.405022E+02, 2.949019E-01
2.405053E+02, 2.889511E-01
2.405075E+02, 2.831383E-01
2.405088E+02, 2.774777E-01
2.405090E+02, 2.719800E-01
2.405083E+02, 2.666531E-01
2.405065E+02, 2.615018E-01
2.405039E+02, 2.565279E-01
2.405006E+02, 2.517303E-01
2.404969E+02, 2.471053E-01
2.404929E+02, 2.426467E-01
2.404890E+02, 2.383462E-01
2.404855E+02, 2.341935E-01
2.404825E+02, 2.301768E-01
2.404803E+02, 2.262830E-01
2.404790E+02, 2.224978E-01
2.404788E+02, 2.188064E-01
2.404796E+02, 2.151938E-01
2.404814E+02, 2.116447E-01
2.404841E+02, 2.081441E-01
2.404875E+02, 2.046776E-01
2.404915E+02, 2.012314E-01
2.404957E+02, 1.977930E-01
2.404999E+02, 1.943513E-01
2.405039E+02, 1.908977E-01
2.405075E+02, 1.874261E-01
2.405105E+02, 1.839305E-01
2.405128E+02, 1.804033E-01
2.405143E+02, 1.768334E-01
2.405149E+02, 1.732039E-01
2.405147E+02, 1.694908E-01
2.405138E+02, 1.656613E-01
2.405122E+02, 1.616725E-01
2.405102E+02, 1.574706E-01
2.405078E+02, 1.529898E-01
2.405052E+02, 1.481523E-01
2.405026E+02, 1.428676E-01
2.405001E+02, 1.370331E-01
2.404978E+02, 1.305341E-01
2.404959E+02, 1.232445E-01
2.404943E+02, 1.150276E-01
2.404931E+02, 1.057370E-01
2.404924E+02, 9.521751E-02
2.404920E+02, 8.330685E-02
2.404921E+02, 6.983646E-02
2.404924E+02, 5.463304E-02
2.404930E+02, 3.751989E-02
2.404937E+02, 1.831824E-02
2.404943E+02,-3.151467E-03
2.404949E+02,-2.706834E-02
2.404953E+02,-5.360987E-02
2.404953E+02,-8.295092E-02
2.404949E+02,-1.152628E-01
2.404941E+02,-1.507124E-01
2.404927E+02,-1.894616E-01
2.404908E+02,-2.316665E-01
2.404882E+02,-2.774774E-01
2.404852E+02,-3.270379E-01
2.404816E+02,-3.804853E-01
2.404777E+02,-4.379500E-01
2.404734E+02,-4.995560E-01
2.404689E+02,-5.654209E-01
2.404644E+02,-6.356559E-01
2.404600E+02,-7.103660E-01
2.404558E+02,-7.896492E-01
2.404521E+02,-8.735971E-01
2.404488E+02,-9.622951E-01
2.404462E+02,-1.055822E+00
2.404445E+02,-1.154251E+00
2.404436E+02,-1.257650E+00
2.404436E+02,-1.366080E+00
2.404447E+02,-1.479599E+00
2.404468E+02,-1.598258E+00
2.404498E+02,-1.722104E+00
2.404539E+02,-1.851180E+00
2.404588E+02,-1.985525E+00
2.404646E+02,-2.125174E+00
2.404711E+02,-2.270159E+00
2.404783E+02,-2.420509E+00
2.404860E+02,-2.576315E+00
2.404940E+02,-2.737639E+00
2.405023E+02,-2.904532E+00
2.405105E+02,-3.077029E+00
2.405183E+02,-3.255145E+00
2.405257E+02,-3.438876E+00
2.405322E+02,-3.628194E+00
2.405378E+02,-3.823047E+00
2.405423E+02,-4.023355E+00
2.405456E+02,-4.229012E+00
2.405475E+02,-4.439882E+00
2.405482E+02,-4.655799E+00
2.405476E+02,-4.876560E+00
2.405458E+02,-5.101930E+00
2.405430E+02,-5.331634E+00
2.405394E+02,-5.565359E+00
2.405352E+02,-5.802751E+00
2.405306E+02,-6.043410E+00
2.405257E+02,-6.286895E+00
2.405206E+02,-6.532717E+00
2.405152E+02,-6.780343E+00
2.405095E+02,-7.029199E+00
2.405035E+02,-7.278671E+00
2.404972E+02,-7.528116E+00
2.404909E+02,-7.776863E+00
2.404845E+02,-8.024230E+00
2.404778E+02,-8.269531E+00
2.404708E+02,-8.512088E+00
2.404629E+02,-8.751240E+00
2.404540E+02,-8.986353E+00
2.404441E+02,-9.216828E+00
2.404331E+02,-9.442105E+00
2.404210E+02,-9.661669E+00
2.404081E+02,-9.875048E+00
2.403945E+02,-1.008182E+01
2.403805E+02,-1.028160E+01
2.403664E+02,-1.047405E+01
2.403526E+02,-1.065887E+01
2.403393E+02,-1.083582E+01
2.403271E+02,-1.100466E+01
2.403163E+02,-1.116519E+01
2.403071E+02,-1.131726E+01
2.403000E+02,-1.146073E+01
2.402952E+02,-1.159547E+01
2.402929E+02,-1.172138E+01
2.402932E+02,-1.183838E+01
2.402966E+02,-1.194640E+01
2.403033E+02,-1.204538E+01
2.403137E+02,-1.213528E+01
2.403277E+02,-1.221605E+01
2.403451E+02,-1.228765E+01
2.403653E+02,-1.235005E+01
2.403878E+02,-1.240323E+01
2.404118E+02,-1.244714E+01
2.404364E+02,-1.248177E+01
2.404606E+02,-1.250710E+01
2.404835E+02,-1.252312E+01
2.405043E+02,-1.252983E+01
2.405226E+02,-1.252724E+01
2.405380E+02,-1.251537E+01
2.405501E+02,-1.249424E+01
2.405592E+02,-1.246392E+01
2.405654E+02,-1.242444E+01
2.405692E+02,-1.237591E+01
2.405709E+02,-1.231839E+01
2.405710E+02,-1.225202E+01
2.405699E+02,-1.217691E+01
2.405675E+02,-1.209324E+01
2.405637E+02,-1.200116E+01
2.405584E+02,-1.190087E+01
2.405514E+02,-1.179261E+01
2.405429E+02,-1.167660E+01
2.405327E+02,-1.155311E+01
2.405210E+02,-1.142244E+01
2.405079E+02,-1.128487E+01
2.404934E+02,-1.114067E+01
2.404777E+02,-1.099014E+01
2.404611E+02,-1.083362E+01
2.404439E+02,-1.067147E+01
2.404263E+02,-1.050409E+01
2.404088E+02,-1.033191E+01
2.403918E+02,-1.015537E+01
2.403756E+02,-9.974972E+00
2.403607E+02,-9.791209E+00
2.403474E+02,-9.604613E+00
2.403362E+02,-9.415704E+00
2.403276E+02,-9.224924E+00
2.403218E+02,-9.032721E+00
2.403192E+02,-8.839529E+00
2.403198E+02,-8.645772E+00
2.403237E+02,-8.451856E+00
2.403309E+02,-8.258168E+00
2.403413E+02,-8.065079E+00
2.403545E+02,-7.872936E+00
2.403699E+02,-7.682064E+00
2.403870E+02,-7.492766E+00
2.404050E+02,-7.305321E+00
2.404232E+02,-7.119986E+00
2.404407E+02,-6.936994E+00
2.404568E+02,-6.756560E+00
2.404707E+02,-6.578874E+00
2.404818E+02,-6.404112E+00
2.404898E+02,-6.232428E+00
2.404945E+02,-6.063961E+00
2.404959E+02,-5.898835E+00
2.404940E+02,-5.737159E+00
2.404891E+02,-5.579026E+00
2.404818E+02,-5.424509E+00
2.404725E+02,-5.273662E+00
2.404620E+02,-5.126526E+00
2.404510E+02,-4.983125E+00
2.404402E+02,-4.843469E+00
2.404304E+02,-4.707551E+00
2.404223E+02,-4.575355E+00
2.404164E+02,-4.446846E+00
2.404132E+02,-4.321982E+00
2.404129E+02,-4.200707E+00
2.404157E+02,-4.082954E+00
2.404214E+02,-3.968650E+00
2.404298E+02,-3.857710E+00
2.404403E+02,-3.750046E+00
2.404524E+02,-3.645564E+00
2.404656E+02,-3.544164E+00
2.404791E+02,-3.445745E+00
2.404923E+02,-3.350206E+00
2.405047E+02,-3.257443E+00
2.405158E+02,-3.167356E+00
2.405252E+02,-3.079843E+00
2.405326E+02,-2.994808E+00
2.405378E+02,-2.912158E+00
2.405410E+02,-2.831801E+00
2.405421E+02,-2.753654E+00
2.405415E+02,-2.677635E+00
2.405394E+02,-2.603668E+00
2.405362E+02,-2.531682E+00
2.405324E+02,-2.461614E+00
2.405281E+02,-2.393401E+00
2.405238E+02,-2.326989E+00
2.405195E+02,-2.262327E+00
2.405153E+02,-2.199369E+00
2.405112E+02,-2.138072E+00
2.405070E+02,-2.078398E+00
2.405027E+02,-2.020311E+00
2.404981E+02,-1.963780E+00
2.404931E+02,-1.908774E+00
2.404876E+02,-1.855266E+00
2.404814E+02,-1.803230E+00
2.404744E+02,-1.752640E+00
2.404667E+02,-1.703473E+00
2.404582E+02,-1.655704E+00
2.404491E+02,-1.609309E+00
2.404395E+02,-1.564263E+00
2.404295E+02,-1.520541E+00
2.404194E+02,-1.478117E+00
2.404095E+02,-1.436962E+00
2.404001E+02,-1.397049E+00
2.403914E+02,-1.358346E+00
2.403838E+02,-1.320823E+00
2.403776E+02,-1.284447E+00
2.403731E+02,-1.249183E+00
2.403706E+02,-1.214997E+00
2.403702E+02,-1.181853E+00
2.403722E+02,-1.149712E+00
2.403766E+02,-1.118539E+00
2.403834E+02,-1.088294E+00
2.403925E+02,-1.058939E+00
2.404036E+02,-1.030438E+00
2.404165E+02,-1.002751E+00
2.404307E+02,-9.758434E-01
2.404458E+02,-9.496783E-01
2.404613E+02,-9.242216E-01
2.404765E+02,-8.994406E-01
2.404910E+02,-8.753039E-01
2.405042E+02,-8.517826E-01
2.405157E+02,-8.288493E-01
2.405251E+02,-8.064791E-01
2.405321E+02,-7.846490E-01
2.405367E+02,-7.633384E-01
2.405388E+02,-7.425287E-01
2.405385E+02,-7.222037E-01
2.405360E+02,-7.023492E-01
2.405316E+02,-6.829530E-01
2.405257E+02,-6.640047E-01
2.405187E+02,-6.454958E-01
2.405111E+02,-6.274194E-01
2.405034E+02,-6.097701E-01
2.404959E+02,-5.925434E-01
2.404890E+02,-5.757363E-01
2.404831E+02,-5.593462E-01
2.404784E+02,-5.433715E-01
2.404751E+02,-5.278109E-01
2.404730E+02,-5.126844E-01
2.404724E+02,-4.980903E-01
2.404730E+02,-4.841079E-01
2.404745E+02,-4.708093E-01
2.404769E+02,-4.582598E-01
2.404796E+02,-4.465134E-01
2.404823E+02,-4.356116E-01
2.404847E+02,-4.255830E-01
2.404865E+02,-4.164424E-01
2.404875E+02,-4.081916E-01
2.404874E+02,-4.008196E-01
2.404862E+02,-3.943035E-01
2.404840E+02,-3.886093E-01
2.404807E+02,-3.836929E-01
2.404766E+02,-3.795017E-01
2.404719E+02,-3.759758E-01
2.404670E+02,-3.730491E-01
2.404622E+02,-3.706513E-01
2.404579E+02,-3.687087E-01
2.404544E+02,-3.671462E-01
2.404521E+02,-3.658880E-01
2.404511E+02,-3.648594E-01
2.404517E+02,-3.639879E-01
2.404538E+02,-3.632040E-01
2.404574E+02,-3.624426E-01
2.404623E+02,-3.616433E-01
2.404682E+02,-3.607513E-01
2.404747E+02,-3.597182E-01
2.404814E+02,-3.585018E-01
2.404881E+02,-3.570666E-01
2.404942E+02,-3.553841E-01
2.404995E+02,-3.534328E-01
2.405038E+02,-3.511977E-01
2.405068E+02,-3.486707E-01
2.405084E+02,-3.458497E-01
2.405088E+02,-3.427385E-01
2.405079E+02,-3.393462E-01
2.405059E+02,-3.356866E-01
2.405031E+02,-3.317779E-01
2.404997E+02,-3.276419E-01
2.404960E+02,-3.233031E-01
2.404925E+02,-3.187887E-01
2.404893E+02,-3.141274E-01
2.404867E+02,-3.093490E-01
2.404850E+02,-3.044838E-01
2.404843E+02,-2.995618E-01
2.404845E+02,-2.946126E-01
2.404856E+02,-2.896647E-01
2.404876E+02,-2.847448E-01
2.404902E+02,-2.798778E-01
2.404931E+02,-2.750864E-01
2.404963E+02,-2.703908E-01
2.404993E+02,-2.658084E-01
2.405021E+02,-2.613536E-01
2.405044E+02,-2.570382E-01
2.405060E+02,-2.528706E-01
2.405069E+02,-2.488564E-01
2.405070E+02,-2.449983E-01
2.405063E+02,-2.412964E-01
2.405049E+02,-2.377480E-01
2.405029E+02,-2.343480E-01
2.405004E+02,-2.310892E-01
2.404978E+02,-2.279624E-01
2.404950E+02,-2.249570E-01
2.404925E+02,-2.220606E-01
2.404903E+02,-2.192602E-01
2.404886E+02,-2.165417E-01
2.404877E+02,-2.138906E-01
2.404875E+02,-2.112924E-01
2.404881E+02,-2.087323E-01
2.404894E+02,-2.061962E-01
2.404915E+02,-2.036704E-01
2.404940E+02,-2.011421E-01
2.404970E+02,-1.985993E-01
2.405002E+02,-1.960316E-01
2.405033E+02,-1.934294E-01
2.405063E+02,-1.907848E-01
2.405090E+02,-1.880913E-01
2.405112E+02,-1.853440E-01
2.405128E+02,-1.825395E-01
2.405137E+02,-1.796759E-01
2.405139E+02,-1.767529E-01
2.405135E+02,-1.737716E-01
2.405125E+02,-1.707346E-01
2.405110E+02,-1.676456E-01
2.405091E+02,-1.645096E-01
2.405069E+02,-1.613327E-01
2.405047E+02,-1.581216E-01
2.405025E+02,-1.548841E-01
2.405005E+02,-1.516284E-01
2.404989E+02,-1.483630E-01
2.404978E+02,-1.450969E-01
2.404973E+02,-1.418391E-01
2.404973E+02,-1.385985E-01
2.404978E+02,-1.353839E-01
2.404990E+02,-1.322037E-01
2.405005E+02,-1.290658E-01
2.405025E+02,-1.259776E-01
2.405047E+02,-1.229458E-01
2.405070E+02,-1.199764E-01
2.405093E+02,-1.170746E-01
2.405115E+02,-1.142444E-01
2.405134E+02,-1.114893E-01
2.405151E+02,-1.088117E-01
2.405163E+02,-1.062128E-01
2.405171E+02,-1.036933E-01
2.405175E+02,-1.012527E-01
2.405175E+02,-9.888968E-02
2.405171E+02,-9.660211E-02
2.405163E+02,-9.438713E-02
2.405154E+02,-9.224118E-02
2.405143E+02,-9.016011E-02
2.405131E+02,-8.813925E-02
2.405120E+02,-8.617353E-02
2.405110E+02,-8.425754E-02
2.405103E+02,-8.238567E-02
2.405098E+02,-8.055219E-02
2.405096E+02,-7.875135E-02
2.405098E+02,-7.697745E-02
2.405103E+02,-7.522499E-02
2.405111E+02,-7.348868E-02
2.405122E+02,-7.176355E-02
2.405134E+02,-7.004503E-02
2.405148E+02,-6.832897E-02
2.405163E+02,-6.661174E-02
2.405177E+02,-6.489026E-02
2.405191E+02,-6.316204E-02
2.405203E+02,-6.142517E-02
2.405213E+02,-5.967837E-02
2.405221E+02,-5.792096E-02
2.405226E+02,-5.615290E-02
2.405229E+02,-5.437469E-02
2.405230E+02,-5.258741E-02
2.405228E+02,-5.079268E-02
2.405224E+02,-4.899256E-02
2.405219E+02,-4.718957E-02
2.405212E+02,-4.538659E-02
2.405206E+02,-4.358681E-02
2.405199E+02,-4.179369E-02
2.405193E+02,-4.001085E-02
2.405188E+02,-3.824204E-02
2.405185E+02,-3.649107E-02
2.405182E+02,-3.476172E-02
2.405182E+02,-3.305772E-02
2.405183E+02,-3.138265E-02
2.405185E+02,-2.973991E-02
2.405189E+02,-2.813266E-02
2.405193E+02,-2.656377E-02
2.405198E+02,-2.503579E-02
2.405203E+02,-2.355089E-02
2.405208E+02,-2.211086E-02
2.405212E+02,-2.071708E-02
2.405216E+02,-1.937049E-02
2.405218E+02,-1.807162E-02
2.405220E+02,-1.682054E-02
2.405219E+02,-1.561693E-02
2.405218E+02,-1.446002E-02
2.405216E+02,-1.334870E-02
2.405212E+02,-1.228145E-02
2.405208E+02,-1.125646E-02
2.405203E+02,-1.027159E-02
2.405199E+02,-9.324471E-03
2.405194E+02,-8.412498E-03
2.405189E+02,-7.532910E-03
2.405185E+02,-6.682819E-03
2.405182E+02,-5.859259E-03
2.405180E+02,-5.059237E-03
2.405179E+02,-4.279772E-03
2.405179E+02,-3.517943E-03
2.405180E+02,-2.770932E-03
2.405182E+02,-2.036058E-03
2.405184E+02,-1.310818E-03
2.405187E+02,-5.929185E-04
2.405191E+02, 1.196943E-04
2.405194E+02, 8.288181E-04
2.405197E+02, 1.535967E-03
2.405200E+02, 2.242365E-03
2.405203E+02, 2.948930E-03
2.405205E+02, 3.656280E-03
2.405206E+02, 4.364723E-03
2.405206E+02, 5.074272E-03
2.405206E+02, 5.784653E-03
2.405205E+02, 6.495317E-03
2.405203E+02, 7.205464E-03
2.405201E+02, 7.914062E-03
2.405199E+02, 8.619875E-03
2.405197E+02, 9.321489E-03
2.405195E+02, 1.001734E-02
2.405193E+02, 1.070576E-02
2.405191E+02, 1.138500E-02
2.405190E+02, 1.205323E-02
2.405189E+02, 1.270865E-02
2.405189E+02, 1.334944E-02
2.405190E+02, 1.397385E-02
2.405191E+02, 1.458021E-02
2.405193E+02, 1.516692E-02
2.405195E+02, 1.573255E-02
2.405197E+02, 1.627579E-02
2.405200E+02, 1.679553E-02
2.405203E+02, 1.729082E-02
2.405205E+02, 1.776093E-02
2.405208E+02, 1.820533E-02
2.405210E+02, 1.862374E-02
2.405212E+02, 1.901604E-02
2.405214E+02, 1.938238E-02
2.405215E+02, 1.972311E-02
2.405216E+02, 2.003876E-02
2.405216E+02, 2.033008E-02
2.405217E+02, 2.059801E-02
2.405217E+02, 2.084361E-02
2.405216E+02, 2.106814E-02
2.405216E+02, 2.127294E-02
2.405216E+02, 2.145948E-02
2.405216E+02, 2.162930E-02
2.405216E+02, 2.178399E-02
2.405217E+02, 2.192518E-02
2.405218E+02, 2.205451E-02
2.405219E+02, 2.217361E-02
2.405220E+02, 2.228405E-02
2.405221E+02, 2.238736E-02
2.405223E+02, 2.248500E-02
2.405225E+02, 2.257831E-02
2.405227E+02, 2.266853E-02
2.405229E+02, 2.275677E-02
2.405231E+02, 2.284399E-02
2.405233E+02, 2.293103E-02
2.405234E+02, 2.301854E-02
2.405236E+02, 2.310702E-02
2.405237E+02, 2.319683E-02
2.405238E+02, 2.328813E-02
2.405239E+02, 2.338095E-02
2.405239E+02, 2.347517E-02
2.405239E+02, 2.357051E-02
2.405239E+02, 2.366657E-02
2.405238E+02, 2.376283E-02
2.405238E+02, 2.385864E-02
2.405237E+02, 2.395330E-02
2.405236E+02, 2.404598E-02
2.405236E+02, 2.413585E-02
2.405235E+02, 2.422199E-02
2.405234E+02, 2.430347E-02
2.405234E+02, 2.437937E-02
2.405234E+02, 2.444876E-02
2.405233E+02, 2.451075E-02
2.405233E+02, 2.456448E-02
2.405233E+02, 2.460915E-02
2.405233E+02, 2.464404E-02
2.405233E+02, 2.466851E-02
2.405233E+02, 2.468200E-02
2.405233E+02, 2.468405E-02
2.405233E+02, 2.467434E-02
2.405233E+02, 2.465263E-02
2.405232E+02, 2.461880E-02
2.405232E+02, 2.457286E-02
2.405231E+02, 2.451493E-02
2.405231E+02, 2.444523E-02
2.405230E+02, 2.436411E-02
2.405229E+02, 2.427202E-02
2.405228E+02, 2.416947E-02
2.405227E+02, 2.405710E-02
2.405226E+02, 2.393561E-02
2.405225E+02, 2.380574E-02
2.405224E+02, 2.366832E-02
2.405223E+02, 2.352420E-02
2.405222E+02, 2.337425E-02
2.405221E+02, 2.321937E-02
2.405220E+02, 2.306045E-02
2.405220E+02, 2.289837E-02
2.405219E+02, 2.273400E-02
2.405219E+02, 2.256814E-02
2.405219E+02, 2.240159E-02
2.405219E+02, 2.223506E-02
2.405218E+02, 2.206922E-02
2.405218E+02, 2.190464E-02
2.405218E+02, 2.174184E-02
2.405218E+02, 2.158124E-02
2.405218E+02, 2.142319E-02
2.405218E+02, 2.126793E-02
2.405218E+02, 2.111564E-02
2.405218E+02, 2.096639E-02
2.405218E+02, 2.082018E-02
2.405218E+02, 2.067692E-02
2.405218E+02, 2.053645E-02
2.405218E+02, 2.039852E-02
2.405217E+02, 2.026285E-02
2.405217E+02, 2.012907E-02
2.405217E+02, 1.999679E-02
2.405217E+02, 1.986555E-02
2.405217E+02, 1.973489E-02
2.405217E+02, 1.960432E-02
2.405218E+02, 1.947332E-02
2.405218E+02, 1.934139E-02
2.405218E+02, 1.920802E-02
2.405219E+02, 1.907274E-02
2.405219E+02, 1.893508E-02
2.405220E+02, 1.879462E-02
2.405220E+02, 1.865096E-02
2.405221E+02, 1.850377E-02
2.405222E+02, 1.835274E-02
2.405222E+02, 1.819765E-02
2.405223E+02, 1.803830E-02
2.405224E+02, 1.787459E-02
2.405224E+02, 1.770645E-02
2.405225E+02, 1.753390E-02
2.405226E+02, 1.735700E-02
2.405226E+02, 1.717587E-02
2.405227E+02, 1.699070E-02
2.405228E+02, 1.680174E-02
2.405228E+02, 1.660927E-02
2.405229E+02, 1.641362E-02
2.405229E+02, 1.621517E-02
2.405230E+02, 1.601433E-02
2.405230E+02, 1.581152E-02
2.405231E+02, 1.560719E-02
2.405231E+02, 1.540182E-02
2.405232E+02, 1.519587E-02
2.405232E+02, 1.498982E-02
2.405233E+02, 1.478412E-02
2.405233E+02, 1.457923E-02
2.405234E+02, 1.437557E-02
2.405234E+02, 1.417355E-02
2.405235E+02, 1.397354E-02
2.405235E+02, 1.377586E-02
2.405236E+02, 1.358083E-02
2.405236E+02, 1.338868E-02
2.405237E+02, 1.319964E-02
2.405237E+02, 1.301386E-02
2.405237E+02, 1.283145E-02
2.405238E+02, 1.265249E-02
2.405238E+02, 1.247698E-02
2.405238E+02, 1.230491E-02
2.405238E+02, 1.213620E-02
2.405238E+02, 1.197075E-02
2.405238E+02, 1.180839E-02
2.405238E+02, 1.164894E-02
2.405238E+02, 1.149220E-02
2.405238E+02, 1.133792E-02
2.405238E+02, 1.118584E-02
2.405238E+02, 1.103568E-02
2.405237E+02, 1.088715E-02
2.405237E+02, 1.073997E-02
2.405237E+02, 1.059384E-02
2.405237E+02, 1.044847E-02
2.405236E+02, 1.030358E-02
2.405236E+02, 1.015892E-02
2.405236E+02, 1.001422E-02
2.405236E+02, 9.869268E-03
2.405235E+02, 9.723867E-03
2.405235E+02, 9.577842E-03
2.405235E+02, 9.431054E-03
2.405234E+02, 9.283395E-03
2.405234E+02, 9.134789E-03
2.405233E+02, 8.985196E-03
2.405233E+02, 8.834610E-03
2.405233E+02, 8.683057E-03
2.405232E+02, 8.530597E-03
2.405232E+02, 8.377320E-03
2.405231E+02, 8.223347E-03
2.405231E+02, 8.068825E-03
2.405230E+02, 7.913923E-03
2.405230E+02, 7.758833E-03
2.405229E+02, 7.603763E-03
2.405229E+02, 7.448936E-03
2.405228E+02, 7.294585E-03
2.405228E+02, 7.140948E-03
2.405227E+02, 6.988266E-03
2.405227E+02, 6.836781E-03
2.405227E+02, 6.686726E-03
2.405226E+02, 6.538329E-03
2.405226E+02, 6.391805E-03
2.405226E+02, 6.247353E-03
2.405226E+02, 6.105157E-03
2.405225E+02, 5.965379E-03
2.405225E+02, 5.828160E-03
2.405225E+02, 5.693618E-03
2.405225E+02, 5.561844E-03
2.405225E+02, 5.432905E-03
2.405225E+02, 5.306843E-03
2.405225E+02, 5.183672E-03
2.405225E+02, 5.063381E-03
2.405225E+02, 4.945934E-03
2.405225E+02, 4.831273E-03
2.405225E+02, 4.719317E-03
2.405225E+02, 4.609962E-03
2.405225E+02, 4.503092E-03
2.405225E+02, 4.398569E-03
2.405225E+02, 4.296245E-03
2.405225E+02, 4.195960E-03
2.405225E+02, 4.097549E-03
2.405226E+02, 4.000838E-03
2.405226E+02, 3.905654E-03
2.405226E+02, 3.811822E-03
2.405226E+02, 3.719171E-03
2.405227E+02, 3.627538E-03
2.405227E+02, 3.536766E-03
2.405227E+02, 3.446709E-03
2.405228E+02, 3.357233E-03
2.405228E+02, 3.268220E-03
2.405228E+02, 3.179566E-03
2.405229E+02, 3.091185E-03
2.405229E+02, 3.003008E-03
2.405229E+02, 2.914985E-03
2.405230E+02, 2.827085E-03
2.405230E+02, 2.739295E-03
2.405231E+02, 2.651621E-03
2.405231E+02, 2.564086E-03
2.405231E+02, 2.476730E-03
2.405232E+02, 2.389610E-03
2.405232E+02, 2.302796E-03
2.405232E+02, 2.216371E-03
2.405233E+02, 2.130429E-03
2.405233E+02, 2.045075E-03
2.405234E+02, 1.960419E-03
2.405234E+02, 1.876576E-03
2.405234E+02, 1.793667E-03
2.405234E+02, 1.711812E-03
2.405235E+02, 1.631130E-03
2.405235E+02, 1.551737E-03
2.405235E+02, 1.473746E-03
2.405236E+02, 1.397261E-03
2.405236E+02, 1.322379E-03
2.405236E+02, 1.249187E-03
2.405236E+02, 1.177761E-03
2.405237E+02, 1.108166E-03
2.405237E+02, 1.040452E-03
2.405237E+02, 9.746572E-04
2.405237E+02, 9.108051E-04
2.405237E+02, 8.489053E-04
2.405237E+02, 7.889533E-04
2.405237E+02, 7.309309E-04
2.405237E+02, 6.748062E-04
2.405237E+02, 6.205351E-04
2.405237E+02, 5.680615E-04
2.405237E+02, 5.173186E-04
2.405237E+02, 4.682300E-04
2.405237E+02, 4.207110E-04
2.405237E+02, 3.746701E-04
2.405237E+02, 3.300103E-04
2.405237E+02, 2.866307E-04
2.405237E+02, 2.444281E-04
2.405236E+02, 2.032985E-04
2.405236E+02, 1.631386E-04
2.405236E+02, 1.238473E-04
2.405236E+02, 8.532695E-05
2.405236E+02, 4.748507E-05
2.405235E+02, 1.023509E-05
2.405235E+02,-2.650120E-05
2.405235E+02,-6.279726E-05
2.405235E+02,-9.871427E-05
2.405234E+02,-1.343050E-04
2.405234E+02,-1.696123E-04
2.405234E+02,-2.046686E-04
2.405234E+02,-2.394961E-04
2.405233E+02,-2.741064E-04
2.405233E+02,-3.085014E-04
2.405233E+02,-3.426728E-04
2.405232E+02,-3.766033E-04
2.405232E+02,-4.102668E-04
2.405232E+02,-4.436297E-04
2.405232E+02,-4.766510E-04
2.405231E+02,-5.092842E-04
2.405231E+02,-5.414774E-04
2.405231E+02,-5.731751E-04
2.405231E+02,-6.043191E-04
2.405230E+02,-6.348494E-04
2.405230E+02,-6.647056E-04
2.405230E+02,-6.938282E-04
2.405230E+02,-7.221590E-04
2.405230E+02,-7.496431E-04
2.405229E+02,-7.762289E-04
2.405229E+02,-8.018696E-04
2.405229E+02,-8.265237E-04
2.405229E+02,-8.501558E-04
2.405229E+02,-8.727373E-04
2.405229E+02,-8.942462E-04
2.405229E+02,-9.146684E-04
2.405229E+02,-9.339971E-04
2.405229E+02,-9.522332E-04
2.405229E+02,-9.693851E-04
2.405229E+02,-9.854689E-04
2.405229E+02,-1.000508E-03
2.405229E+02,-1.014531E-03
2.405229E+02,-1.027575E-03
2.405229E+02,-1.039682E-03
2.405229E+02,-1.050897E-03
2.405229E+02,-1.061273E-03
2.405229E+02,-1.070864E-03
2.405229E+02,-1.079726E-03
2.405230E+02,-1.087919E-03
2.405230E+02,-1.095504E-03
2.405230E+02,-1.102540E-03
2.405230E+02,-1.109087E-03
2.405230E+02,-1.115203E-03
2.405230E+02,-1.120944E-03
2.405231E+02,-1.126364E-03
2.405231E+02,-1.131511E-03
2.405231E+02,-1.136432E-03
2.405231E+02,-1.141167E-03
2.405232E+02,-1.145752E-03
2.405232E+02,-1.150217E-03
2.405232E+02,-1.154587E-03
2.405232E+02,-1.158882E-03
2.405233E+02,-1.163114E-03
2.405233E+02,-1.167292E-03
2.405233E+02,-1.171417E-03
2.405233E+02,-1.175487E-03
2.405234E+02,-1.179492E-03
2.405234E+02,-1.183421E-03
2.405234E+02,-1.187255E-03
2.405234E+02,-1.190974E-03
2.405234E+02,-1.194553E-03
2.405235E+02,-1.197966E-03
2.405235E+02,-1.201184E-03
2.405235E+02,-1.204175E-03
2.405235E+02,-1.206910E-03
2.405235E+02,-1.209356E-03
2.405236E+02,-1.211483E-03
2.405236E+02,-1.213260E-03
2.405236E+02,-1.214660E-03
2.405236E+02,-1.215655E-03
2.405236E+02,-1.216223E-03
2.405236E+02,-1.216342E-03
2.405236E+02,-1.215994E-03
2.405236E+02,-1.215167E-03
2.405236E+02,-1.213850E-03
2.405236E+02,-1.212037E-03
2.405237E+02,-1.209727E-03
2.405237E+02,-1.206921E-03
2.405237E+02,-1.203626E-03
2.405237E+02,-1.199852E-03
2.405237E+02,-1.195614E-03
2.405237E+02,-1.190930E-03
2.405236E+02,-1.185820E-03
2.405236E+02,-1.180309E-03
2.405236E+02,-1.174424E-03
2.405236E+02,-1.168193E-03
2.405236E+02,-1.161648E-03
2.405236E+02,-1.154820E-03
2.405236E+02,-1.147744E-03
2.405236E+02,-1.140451E-03
2.405236E+02,-1.132976E-03
2.405236E+02,-1.125352E-03
2.405235E+02,-1.117611E-03
2.405235E+02,-1.109783E-03
2.405235E+02,-1.101898E-03
2.405235E+02,-1.093982E-03
2.405235E+02,-1.086061E-03
2.405235E+02,-1.078156E-03
2.405235E+02,-1.070286E-03
2.405234E+02,-1.062468E-03
2.405234E+02,-1.054715E-03
2.405234E+02,-1.047036E-03
2.405234E+02,-1.039439E-03
2.405234E+02,-1.031927E-03
2.405233E+02,-1.024500E-03
2.405233E+02,-1.017157E-03
2.405233E+02,-1.009891E-03
2.405233E+02,-1.002696E-03
2.405233E+02,-9.955600E-04
2.405233E+02,-9.884724E-04
2.405232E+02,-9.814189E-04
2.405232E+02,-9.743842E-04
2.405232E+02,-9.673521E-04
2.405232E+02,-9.603054E-04
2.405232E+02,-9.532267E-04
2.405232E+02,-9.460986E-04
2.405232E+02,-9.389037E-04
2.405232E+02,-9.316254E-04
2.405232E+02,-9.242481E-04
2.405232E+02,-9.167570E-04
2.405231E+02,-9.091393E-04
2.405231E+02,-9.013833E-04
2.405231E+02,-8.934795E-04
2.405231E+02,-8.854202E-04
2.405231E+02,-8.772000E-04
2.405231E+02,-8.688156E-04
2.405231E+02,-8.602660E-04
2.405231E+02,-8.515523E-04
2.405231E+02,-8.426780E-04
2.405231E+02,-8.336488E-04
2.405231E+02,-8.244722E-04
2.405231E+02,-8.151580E-04
2.405232E+02,-8.057174E-04
2.405232E+02,-7.961634E-04
2.405232E+02,-7.865103E-04
2.405232E+02,-7.767737E-04
2.405232E+02,-7.669700E-04
2.405232E+02,-7.571163E-04
2.405232E+02,-7.472301E-04
2.405232E+02,-7.373290E-04
2.405232E+02,-7.274309E-04
2.405232E+02,-7.175528E-04
2.405233E+02,-7.077116E-04
2.405233E+02,-6.979233E-04
2.405233E+02,-6.882027E-04
2.405233E+02,-6.785637E-04
2.405233E+02,-6.690189E-04
2.405233E+02,-6.595791E-04
2.405233E+02,-6.502539E-04
2.405234E+02,-6.410510E-04
2.405234E+02,-6.319764E-04
2.405234E+02,-6.230345E-04
2.405234E+02,-6.142278E-04
2.405234E+02,-6.055572E-04
2.405234E+02,-5.970216E-04
2.405234E+02,-5.886189E-04
2.405235E+02,-5.803448E-04
2.405235E+02,-5.721942E-04
2.405235E+02,-5.641605E-04
2.405235E+02,-5.562360E-04
2.405235E+02,-5.484121E-04
2.405235E+02,-5.406796E-04
2.405235E+02,-5.330285E-04
2.405235E+02,-5.254486E-04
2.405236E+02,-5.179295E-04
2.405236E+02,-5.104607E-04
2.405236E+02,-5.030320E-04
2.405236E+02,-4.956337E-04
2.405236E+02,-4.882562E-04
2.405236E+02,-4.808909E-04
2.405236E+02,-4.735300E-04
2.405236E+02,-4.661666E-04
2.405236E+02,-4.587947E-04
2.405236E+02,-4.514095E-04
2.405236E+02,-4.440075E-04
2.405236E+02,-4.365862E-04
2.405236E+02,-4.291445E-04
2.405236E+02,-4.216824E-04
2.405236E+02,-4.142013E-04
2.405236E+02,-4.067035E-04
2.405236E+02,-3.991928E-04
2.405236E+02,-3.916737E-04
2.405236E+02,-3.841518E-04
2.405236E+02,-3.766335E-04
2.405236E+02,-3.691260E-04
2.405236E+02,-3.616372E-04
2.405236E+02,-3.541752E-04
2.405236E+02,-3.467488E-04
2.405236E+02,-3.393667E-04
2.405235E+02,-3.320378E-04
2.405235E+02,-3.247710E-04
2.405235E+02,-3.175748E-04
2.405235E+02,-3.104577E-04
2.405235E+02,-3.034274E-04
2.405235E+02,-2.964913E-04
2.405235E+02,-2.896559E-04
2.405235E+02,-2.829272E-04
2.405235E+02,-2.763102E-04
2.405235E+02,-2.698092E-04
2.405234E+02,-2.634274E-04
2.405234E+02,-2.571672E-04
2.405234E+02,-2.510300E-04
2.405234E+02,-2.450162E-04
2.405234E+02,-2.391253E-04
2.405234E+02,-2.333558E-04
2.405234E+02,-2.277056E-04
2.405234E+02,-2.221715E-04
2.405234E+02,-2.167496E-04
2.405234E+02,-2.114356E-04
2.405233E+02,-2.062243E-04
2.405233E+02,-2.011103E-04
2.405233E+02,-1.960876E-04
2.405233E+02,-1.911500E-04
2.405233E+02,-1.862911E-04
2.405233E+02,-1.815046E-04
2.405233E+02,-1.767839E-04
2.405233E+02,-1.721229E-04
2.405233E+02,-1.675154E-04
2.405233E+02,-1.629558E-04
2.405233E+02,-1.584386E-04
2.405233E+02,-1.539590E-04
2.405233E+02,-1.495125E-04
2.405233E+02,-1.450955E-04
2.405233E+02,-1.407048E-04
2.405233E+02,-1.363378E-04
2.405233E+02,-1.319928E-04
2.405233E+02,-1.276686E-04
2.405233E+02,-1.233647E-04
2.405233E+02,-1.190814E-04
2.405233E+02,-1.148195E-04
2.405233E+02,-1.105805E-04
2.405233E+02,-1.063664E-04
2.405233E+02,-1.021799E-04
2.405233E+02,-9.802381E-05
2.405233E+02,-9.390169E-05
2.405233E+02,-8.981724E-05
2.405233E+02,-8.577448E-05
2.405233E+02,-8.177758E-05
2.405233E+02,-7.783082E-05
2.405234E+02,-7.393853E-05
2.405234E+02,-7.010497E-05
2.405234E+02,-6.633428E-05
2.405234E+02,-6.263043E-05
2.405234E+02,-5.899713E-05
2.405234E+02,-5.543778E-05
2.405234E+02,-5.195540E-05
2.405234E+02,-4.855263E-05
2.405234E+02,-4.523163E-05
2.405234E+02,-4.199411E-05
2.405234E+02,-3.884126E-05
2.405235E+02,-3.577377E-05
2.405235E+02,-3.279179E-05
2.405235E+02,-2.989497E-05
2.405235E+02,-2.708245E-05
2.405235E+02,-2.435288E-05
2.405235E+02,-2.170447E-05
2.405235E+02,-1.913496E-05
2.405235E+02,-1.664174E-05
2.405235E+02,-1.422183E-05
2.405235E+02,-1.187197E-05
2.405235E+02,-9.588626E-06
2.405235E+02,-7.368105E-06
2.405236E+02, 0.000000E+00
2.405236E+02, 0.000000E+00
2.405236E+02, 0.000000E+00
2.405236E+02, 0.000000E+00
2.405236E+02, 0.000000E+00
2.405236E+02, 0.000000E+00
2.405236E+02, 6.741379E-06
2.405236E+02, 8.597450E-06
2.405236E+02, 1.042362E-05
2.405236E+02, 1.222259E-05
2.405236E+02, 1.399673E-05
2.405236E+02, 1.574806E-05
2.405236E+02, 1.747824E-05
2.405236E+02, 1.918853E-05
2.405236E+02, 2.087982E-05
2.405236E+02, 2.255264E-05
2.405236E+02, 2.420711E-05
2.405236E+02, 2.584303E-05
2.405236E+02, 2.745984E-05
2.405236E+02, 2.905667E-05
2.405236E+02, 3.063238E-05
2.405236E+02, 3.218557E-05
2.405236E+02, 3.371462E-05
2.405236E+02, 3.521773E-05
2.405235E+02, 3.669298E-05
2.405235E+02, 3.813834E-05
2.405235E+02, 3.955173E-05
2.405235E+02, 4.093105E-05
2.405235E+02, 4.227424E-05
2.405235E+02, 4.357930E-05
2.405235E+02, 4.484434E-05
2.405235E+02, 4.606762E-05
2.405235E+02, 4.724756E-05
2.405235E+02, 4.838277E-05
2.405235E+02, 4.947211E-05
2.405235E+02, 5.051467E-05
2.405235E+02, 5.150981E-05
2.405235E+02, 5.245714E-05
2.405235E+02, 5.335658E-05
2.405234E+02, 5.420830E-05
2.405234E+02, 5.501278E-05
2.405234E+02, 5.577075E-05
2.405234E+02, 5.648321E-05
2.405234E+02, 5.715139E-05
2.405234E+02, 5.777676E-05
2.405234E+02, 5.836100E-05
2.405234E+02, 5.890595E-05
2.405234E+02, 5.941364E-05
2.405234E+02, 5.988618E-05
2.405234E+02, 6.032580E-05
2.405234E+02, 6.073479E-05
2.405234E+02, 6.111549E-05
2.405234E+02, 6.147021E-05
2.405234E+02, 6.180124E-05
2.405234E+02, 6.211084E-05
2.405234E+02, 6.240115E-05
2.405234E+02, 6.267422E-05
2.405234E+02, 6.293195E-05
2.405234E+02, 6.317610E-05
2.405234E+02, 6.340825E-05
2.405234E+02, 6.362980E-05
2.405234E+02, 6.384193E-05
2.405234E+02, 6.404564E-05
2.405234E+02, 6.424170E-05
2.405234E+02, 6.443067E-05
2.405234E+02, 6.461290E-05
2.405234E+02, 6.478855E-05
2.405234E+02, 6.495756E-05
2.405234E+02, 6.511969E-05
2.405234E+02, 6.527455E-05
2.405234E+02, 6.542155E-05
2.405234E+02, 6.556001E-05
2.405234E+02, 6.568911E-05
2.405234E+02, 6.580793E-05
2.405234E+02, 6.591549E-05
2.405234E+02, 6.601075E-05
2.405234E+02, 6.609264E-05
2.405234E+02, 6.616010E-05
2.405234E+02, 6.621206E-05
2.405234E+02, 6.624753E-05
2.405235E+02, 6.626553E-05
2.405235E+02, 6.626520E-05
2.405235E+02, 6.624576E-05
2.405235E+02, 6.620654E-05
2.405235E+02, 6.614698E-05
2.405235E+02, 6.606667E-05
2.405235E+02, 6.596535E-05
2.405235E+02, 6.584289E-05
2.405235E+02, 6.569932E-05
2.405235E+02, 6.553481E-05
2.405235E+02, 6.534969E-05
2.405235E+02, 6.514445E-05
2.405235E+02, 6.491969E-05
2.405235E+02, 6.467615E-05
2.405235E+02, 6.441471E-05
2.405235E+02, 6.413633E-05
2.405235E+02, 6.384208E-05
2.405235E+02, 6.353310E-05
2.405235E+02, 6.321060E-05
2.405235E+02, 6.287584E-05
2.405236E+02, 6.253010E-05
2.405236E+02, 6.217468E-05
2.405236E+02, 6.181088E-05
2.405236E+02, 6.143995E-05
2.405236E+02, 6.106315E-05
2.405236E+02, 6.068165E-05
2.405236E+02, 6.029658E-05
2.405236E+02, 5.990897E-05
2.405236E+02, 5.951978E-05
2.405236E+02, 5.912986E-05
2.405236E+02, 5.873996E-05
2.405236E+02, 5.835072E-05
2.405236E+02, 5.796265E-05
2.405236E+02, 5.757617E-05
2.405236E+02, 5.719155E-05
2.405236E+02, 5.680896E-05
2.405236E+02, 5.642846E-05
2.405236E+02, 5.605000E-05
2.405236E+02, 5.567341E-05
2.405235E+02, 5.529845E-05
2.405235E+02, 5.492478E-05
2.405235E+02, 5.455200E-05
2.405235E+02, 5.417964E-05
2.405235E+02, 5.380716E-05
2.405235E+02, 5.343402E-05
2.405235E+02, 5.305961E-05
2.405235E+02, 5.268334E-05
2.405235E+02, 5.230461E-05
2.405235E+02, 5.192283E-05
2.405235E+02, 5.153741E-05
2.405235E+02, 5.114784E-05
2.405235E+02, 5.075361E-05
2.405235E+02, 5.035428E-05
2.405235E+02, 4.994949E-05
2.405235E+02, 4.953892E-05
2.405235E+02, 4.912233E-05
2.405235E+02, 4.869957E-05
2.405235E+02, 4.827057E-05
2.405235E+02, 4.783531E-05
2.405235E+02, 4.739391E-05
2.405235E+02, 4.694651E-05
2.405235E+02, 4.649338E-05
2.405235E+02, 4.603483E-05
2.405235E+02, 4.557126E-05
2.405235E+02, 4.510312E-05
2.405235E+02, 4.463092E-05
2.405234E+02, 4.415523E-05
2.405234E+02, 4.367665E-05
2.405234E+02, 4.319582E-05
2.405234E+02, 4.271339E-05
2.405234E+02, 4.223005E-05
2.405234E+02, 4.174646E-05
2.405234E+02, 4.126330E-05
2.405234E+02, 4.078124E-05
2.405234E+02, 4.030089E-05
2.405234E+02, 3.982289E-05
2.405234E+02, 3.934778E-05
2.405234E+02, 3.887610E-05
2.405234E+02, 3.840832E-05
2.405234E+02, 3.794486E-05
2.405234E+02, 3.748608E-05
2.405234E+02, 3.703228E-05
2.405234E+02, 3.658369E-05
2.405234E+02, 3.614048E-05
2.405234E+02, 3.570275E-05
2.405234E+02, 3.527054E-05
2.405234E+02, 3.484383E-05
2.405235E+02, 3.442253E-05
2.405235E+02, 3.400652E-05
2.405235E+02, 3.359560E-05
2.405235E+02, 3.318954E-05
2.405235E+02, 3.278806E-05
2.405235E+02, 3.239087E-05
2.405235E+02, 3.199762E-05
2.405235E+02, 3.160796E-05
2.405235E+02, 3.122154E-05
2.405235E+02, 3.083796E-05
2.405235E+02, 3.045687E-05
2.405235E+02, 3.007789E-05
2.405235E+02, 2.970068E-05
2.405235E+02, 2.932490E-05
2.405235E+02, 2.895025E-05
2.405235E+02, 2.857646E-05
2.405235E+02, 2.820327E-05
2.405235E+02, 2.783049E-05
2.405235E+02, 2.745795E-05
2.405235E+02, 2.708553E-05
2.405235E+02, 2.671317E-05
2.405235E+02, 2.634082E-05
2.405235E+02, 2.596851E-05
2.405235E+02, 2.559630E-05
2.405235E+02, 2.522428E-05
2.405235E+02, 2.485260E-05
2.405235E+02, 2.448145E-05
2.405235E+02, 2.411103E-05
2.405235E+02, 2.374160E-05
2.405235E+02, 2.337342E-05
2.405235E+02, 2.300679E-05
2.405235E+02, 2.264202E-05