A,B
2.407241E+02,0.000000E+00
2.407241E+02,0.000000E+00
2.407242E+02,0.000000E+00
2.407242E+02,0.000000E+00
2.407243E+02,0.000000E+00
2.407243E+02,0.000000E+00
2.407244E+02,0.000000E+00
2.407245E+02,0.000000E+00
2.407245E+02,0.000000E+00
2.407246E+02,0.000000E+00
2.407246E+02,0.000000E+00
2.407246E+02,0.000000E+00
2.407246E+02,0.000000E+00
2.407246E+02,0.000000E+00
2.407246E+02,0.000000E+00
2.407245E+02,0.000000E+00
2.407245E+02,0.000000E+00
2.407244E+02,0.000000E+00
2.407244E+02,0.000000E+00
2.407243E+02,0.000000E+00
2.407242E+02,0.000000E+00
2.407242E+02,0.000000E+00
2.407241E+02,0.000000E+00
2.407241E+02,0.000000E+00
2.407240E+02,0.000000E+00
2.407240E+02,0.000000E+00
2.407240E+02,0.000000E+00
2.407240E+02,0.000000E+00
2.407240E+02,0.000000E+00
2.407240E+02,0.000000E+00
2.407240E+02,0.000000E+00
2.407240E+02,0.000000E+00
2.407241E+02,0.000000E+00
2.407241E+02,0.000000E+00
2.407241E+02,0.000000E+00
2.407242E+02,0.000000E+00
2.407242E+02,0.000000E+00
2.407243E+02,0.000000E+00
2.407243E+02,0.000000E+00
2.407244E+02,0.000000E+00
2.407244E+02,0.000000E+00
2.407244E+02,0.000000E+00
2.407245E+02,0.000000E+00
2.407245E+02,0.000000E+00
2.407245E+02,0.000000E+00
2.407245E+02,0.000000E+00
2.407245E+02,0.000000E+00
2.407246E+02,0.000000E+00
2.407246E+02,0.000000E+00
2.407246E+02,0.000000E+00
2.407245E+02,0.000000E+00
2.407245E+02,0.000000E+00
2.407245E+02,0.000000E+00
2.407245E+02,0.000000E+00
2.407245E+02,0.000000E+00
2.407245E+02,0.000000E+00
2.407245E+02,0.000000E+00
2.407244E+02,0.000000E+00
2.407244E+02,0.000000E+00
2.407244E+02,0.000000E+00
2.407244E+02,0.000000E+00
2.407244E+02,0.000000E+00
2.407243E+02,0.000000E+00
2.407243E+02,0.000000E+00
2.407243E+02,0.000000E+00
2.407243E+02,0.000000E+00
2.407243E+02,0.000000E+00
2.407243E+02,0.000000E+00
2.407242E+02,0.000000E+00
2.407242E+02,0.000000E+00
2.407242E+02,0.000000E+00
2.407242E+02,0.000000E+00
2.407242E+02,0.000000E+00
2.407242E+02,0.000000E+00
2.407242E+02,0.000000E+00
2.407242E+02,0.000000E+00
2.407242E+02,0.000000E+00
2.407241E+02,0.000000E+00
2.407241E+02,0.000000E+00
2.407241E+02,0.000000E+00
2.407241E+02,0.000000E+00
2.407241E+02,0.000000E+00
2.407241E+02,0.000000E+00
2.407241E+02,0.000000E+00
2.407241E+02,0.000000E+00
2.407240E+02,0.000000E+00
2.407240E+02,0.000000E+00
2.407240E+02,0.000000E+00
2.407240E+02,0.000000E+00
2.407240E+02,0.000000E+00
2.407240E+02,0.000000E+00
2.407240E+02,0.000000E+00
2.407240E+02,0.000000E+00
2.407240E+02,0.000000E+00
2.407240E+02,0.000000E+00
2.407240E+02,0.000000E+00
2.407240E+02,0.000000E+00
2.407240E+02,0.000000E+00
2.407240E+02,0.000000E+00
2.407240E+02,0.000000E+00
2.407240E+02,0.000000E+00
2.407240E+02,0.000000E+00
2.407240E+02,0.000000E+00
2.407240E+02,0.000000E+00
2.407240E+02,0.000000E+00
2.407240E+02,0.000000E+00
2.407240E+02,0.000000E+00
2.407240E+02,0.000000E+00
2.407240E+02,0.000000E+00
2.407240E+02,0.000000E+00
2.407240E+02,0.000000E+00
2.407240E+02,0.000000E+00
2.407240E+02,0.000000E+00
2.407240E+02,0.000000E+00
2.407241E+02,0.000000E+00
2.407241E+02,0.000000E+00
2.407241E+02,0.000000E+00
2.407241E+02,0.000000E+00
2.407241E+02,0.000000E+00
2.407241E+02,0.000000E+00
2.407241E+02,0.000000E+00
2.407241E+02,0.000000E+00
2.407241E+02,0.000000E+00
2.407242E+02,0.000000E+00
2.407242E+02,0.000000E+00
2.407242E+02,0.000000E+00
2.407242E+02,0.000000E+00
2.407242E+02,0.000000E+00
2.407242E+02,0.000000E+00
2.407242E+02,0.000000E+00
2.407242E+02,0.000000E+00
2.407242E+02,0.000000E+00
2.407242E+02,0.000000E+00
2.407243E+02,0.000000E+00
2.407243E+02,0.000000E+00
2.407243E+02,0.000000E+00
2.407243E+02,0.000000E+00
2.407243E+02,0.000000E+00
2.407243E+02,0.000000E+00
2.407243E+02,0.000000E+00
2.407243E+02,0.000000E+00
2.407243E+02,0.000000E+00
2.407243E+02,0.000000E+00
2.407243E+02,0.000000E+00
2.407243E+02,0.000000E+00
2.407243E+02,0.000000E+00
2.407243E+02,0.000000E+00
2.407243E+02,0.000000E+00
2.407243E+02,0.000000E+00
2.407243E+02,0.000000E+00
2.407243E+02,0.000000E+00
2.407243E+02,0.000000E+00
2.407243E+02,0.000000E+00
2.407243E+02,0.000000E+00
2.407243E+02,0.000000E+00
2.407243E+02,0.000000E+00
2.407243E+02,0.000000E+00
2.407243E+02,0.000000E+00
2.407243E+02,0.000000E+00
2.407243E+02,0.000000E+00
2.407243E+02,0.000000E+00
2.407243E+02,0.000000E+00
2.407242E+02,0.000000E+00
2.407242E+02,0.000000E+00
2.407242E+02,0.000000E+00
2.407242E+02,0.000000E+00
2.407242E+02,0.000000E+00
2.407242E+02,0.000000E+00
2.407242E+02,0.000000E+00
2.407242E+02,0.000000E+00
2.407242E+02,0.000000E+00
2.407242E+02,0.000000E+00
2.407242E+02,0.000000E+00
2.407242E+02,0.000000E+00
2.407242E+02,0.000000E+00
2.407241E+02,0.000000E+00
2.407241E+02,0.000000E+00
2.407241E+02,0.000000E+00
2.407241E+02,0.000000E+00
2.407241E+02,0.000000E+00
2.407241E+02,0.000000E+00
2.407241E+02,0.000000E+00
2.407241E+02,0.000000E+00
2.407241E+02,0.000000E+00
2.407241E+02,0.000000E+00
2.407241E+02,0.000000E+00
2.407241E+02,0.000000E+00
2.407241E+02,0.000000E+00
2.407241E+02,0.000000E+00
2.407241E+02,0.000000E+00
2.407241E+02,0.000000E+00
2.407241E+02,0.000000E+00
2.407241E+02,0.000000E+00
2.407241E+02,0.000000E+00
2.407241E+02,0.000000E+00
2.407241E+02,0.000000E+00
2.407241E+02,0.000000E+00
2.407241E+02,0.000000E+00
2.407241E+02,0.000000E+00
2.407241E+02,0.000000E+00
2.407241E+02,0.000000E+00
2.407241E+02,0.000000E+00
2.407241E+02,0.000000E+00
2.407241E+02,0.000000E+00
2.407241E+02,0.000000E+00
2.407241E+02,0.000000E+00
2.407241E+02,0.000000E+00
2.407241E+02,0.000000E+00
2.407241E+02,0.000000E+00
2.407241E+02,0.000000E+00
2.407241E+02,0.000000E+00
2.407241E+02,0.000000E+00
2.407241E+02,0.000000E+00
2.407241E+02,0.000000E+00
2.407241E+02,0.000000E+00
2.407241E+02,0.000000E+00
2.407241E+02,0.000000E+00
2.407241E+02,0.000000E+00
2.407241E+02,0.000000E+00
2.407241E+02,0.000000E+00
2.407241E+02,0.000000E+00
2.407242E+02,0.000000E+00
2.407242E+02,0.000000E+00
2.407242E+02,0.000000E+00
2.407242E+02,0.000000E+00
2.407242E+02,0.000000E+00
2.407242E+02,0.000000E+00
2.407242E+02,0.000000E+00
2.407242E+02,0.000000E+00
2.407242E+02,0.000000E+00
2.407242E+02,0.000000E+00
2.407242E+02,0.000000E+00
2.407242E+02,0.000000E+00
2.407242E+02,0.000000E+00
2.407242E+02,0.000000E+00
2.407242E+02,0.000000E+00
2.407242E+02,0.000000E+00
2.407242E+02,0.000000E+00
2.407242E+02,0.000000E+00
2.407242E+02,0.000000E+00
2.407242E+02,0.000000E+00
2.407242E+02,0.000000E+00
2.407242E+02,0.000000E+00
2.407242E+02,0.000000E+00
2.407242E+02,0.000000E+00
2.407242E+02,0.000000E+00
2.407242E+02,0.000000E+00
2.407242E+02,0.000000E+00
2.407242E+02,0.000000E+00
2.407242E+02,0.000000E+00
2.407242E+02,0.000000E+00
2.407242E+02,0.000000E+00
2.407242E+02,0.000000E+00
2.407242E+02,0.000000E+00
2.407242E+02,0.000000E+00
2.407242E+02,0.000000E+00
2.407242E+02,0.000000E+00
2.407242E+02,0.000000E+00
2.407242E+02,0.000000E+00
2.407242E+02,0.000000E+00
2.407242E+02,0.000000E+00
2.407242E+02,0.000000E+00
2.407242E+02,0.000000E+00
2.407242E+02,0.000000E+00
2.407242E+02,0.000000E+00
2.407242E+02,0.000000E+00
2.407242E+02,0.000000E+00
2.407242E+02,0.000000E+00
2.407242E+02,0.000000E+00
2.407242E+02,0.000000E+00
2.407242E+02,0.000000E+00
2.407242E+02,0.000000E+00
2.407242E+02,0.000000E+00
2.407241E+02,0.000000E+00
2.407241E+02,0.000000E+00
2.407241E+02,0.000000E+00
2.407241E+02,0.000000E+00
2.407241E+02,0.000000E+00
2.407241E+02,0.000000E+00
2.407241E+02,0.000000E+00
2.407241E+02,0.000000E+00
2.407241E+02,0.000000E+00
2.407241E+02,0.000000E+00
2.407241E+02,0.000000E+00
2.407241E+02,0.000000E+00
2.407241E+02,0.000000E+00
2.407241E+02,0.000000E+00
2.407241E+02,0.000000E+00
2.407241E+02,0.000000E+00
2.407241E+02,0.000000E+00
2.407241E+02,0.000000E+00
2.407241E+02,0.000000E+00
2.407241E+02,0.000000E+00
2.407241E+02,0.000000E+00
2.407241E+02,0.000000E+00
2.407241E+02,0.000000E+00
2.407241E+02,0.000000E+00
2.407241E+02,0.000000E+00
2.407241E+02,0.000000E+00
2.407241E+02,0.000000E+00
2.407241E+02,0.000000E+00
2.407241E+02,0.000000E+00
2.407241E+02,0.000000E+00
2.407241E+02,0.000000E+00
2.407241E+02,0.000000E+00
2.407241E+02,0.000000E+00
2.407241E+02,0.000000E+00
2.407241E+02,0.000000E+00
2.407241E+02,0.000000E+00
2.407241E+02,0.000000E+00
2.407241E+02,0.000000E+00
2.407241E+02,0.000000E+00
2.407241E+02,0.000000E+00
2.407241E+02,0.000000E+00
2.407241E+02,0.000000E+00
2.407241E+02,0.000000E+00
2.407241E+02,0.000000E+00
2.407241E+02,0.000000E+00
2.407241E+02,0.000000E+00
2.407242E+02,0.000000E+00
2.407242E+02,0.000000E+00
2.407242E+02,0.000000E+00
2.407242E+02,0.000000E+00
2.407242E+02,0.000000E+00
2.407242E+02,0.000000E+00
2.407242E+02,0.000000E+00
2.407242E+02,0.000000E+00
2.407242E+02,0.000000E+00
2.407242E+02,0.000000E+00
2.407242E+02,0.000000E+00
2.407242E+02,0.000000E+00
2.407242E+02,0.000000E+00
2.407242E+02,0.000000E+00
2.407242E+02,0.000000E+00
2.407242E+02,0.000000E+00
2.407242E+02,0.000000E+00
2.407242E+02,0.000000E+00
2.407242E+02,0.000000E+00
2.407242E+02,0.000000E+00
2.407242E+02,0.000000E+00
2.407242E+02,0.000000E+00
2.407242E+02,0.000000E+00
2.407242E+02,0.000000E+00
2.407242E+02,0.000000E+00
2.407242E+02,0.000000E+00
2.407242E+02,0.000000E+00
2.407242E+02,0.000000E+00
2.407242E+02,0.000000E+00
2.407242E+02,0.000000E+00
2.407242E+02,0.000000E+00
2.407242E+02,0.000000E+00
2.407242E+02,0.000000E+00
2.407242E+02,0.000000E+00
2.407242E+02,0.000000E+00
2.407242E+02,0.000000E+00
2.407242E+02,0.000000E+00
2.407242E+02,0.000000E+00
2.407242E+02,0.000000E+00
2.407242E+02,0.000000E+00
2.407242E+02,0.000000E+00
2.407242E+02,0.000000E+00
2.407242E+02,0.000000E+00
2.407242E+02,0.000000E+00
2.407242E+02,0.000000E+00
2.407242E+02,0.000000E+00
2.407242E+02,0.000000E+00
2.407242E+02,0.000000E+00
2.407242E+02,0.000000E+00
2.407242E+02,0.000000E+00
2.407242E+02,0.000000E+00
2.407242E+02,0.000000E+00
2.407241E+02,0.000000E+00
2.407241E+02,0.000000E+00
2.407241E+02,0.000000E+00
2.407241E+02,0.000000E+00
2.407241E+02,0.000000E+00
2.407241E+02,0.000000E+00
2.407241E+02,0.000000E+00
2.407241E+02,0.000000E+00
2.407241E+02,0.000000E+00
2.407241E+02,0.000000E+00
2.407241E+02,0.000000E+00
2.407241E+02,0.000000E+00
2.407241E+02,0.000000E+00
2.407241E+02,0.000000E+00
2.407241E+02,0.000000E+00
2.407241E+02,0.000000E+00
2.407241E+02,0.000000E+00
2.407241E+02,0.000000E+00
2.407241E+02,0.000000E+00
2.407241E+02,0.000000E+00
2.407241E+02,0.000000E+00
2.407241E+02,0.000000E+00
2.407241E+02,0.000000E+00
2.407241E+02,0.000000E+00
2.407241E+02,0.000000E+00
2.407241E+02,0.000000E+00
2.407241E+02,0.000000E+00
2.407241E+02,0.000000E+00
2.407241E+02,0.000000E+00
2.407241E+02,0.000000E+00
2.407241E+02,0.000000E+00
2.407241E+02,0.000000E+00
2.407241E+02,0.000000E+00
2.407241E+02,0.000000E+00
2.407241E+02,0.000000E+00
2.407241E+02,0.000000E+00
2.407241E+02,0.000000E+00
2.407241E+02,0.000000E+00
2.407241E+02,0.000000E+00
2.407241E+02,0.000000E+00
2.407241E+02,0.000000E+00
2.407241E+02,0.000000E+00
2.407241E+02,0.000000E+00
2.407241E+02,0.000000E+00
2.407241E+02,0.000000E+00
2.407241E+02,0.000000E+00
2.407241E+02,0.000000E+00
2.407242E+02,0.000000E+00
2.407242E+02,0.000000E+00
2.407242E+02,0.000000E+00
2.407242E+02,0.000000E+00
2.407242E+02,0.000000E+00
2.407242E+02,0.000000E+00
2.407242E+02,0.000000E+00
2.407242E+02,0.000000E+00
2.407242E+02,0.000000E+00
2.407242E+02,0.000000E+00
2.407242E+02,0.000000E+00
2.407242E+02,0.000000E+00
2.407242E+02,0.000000E+00
2.407242E+02,0.000000E+00
2.407242E+02,0.000000E+00
2.407242E+02,0.000000E+00
2.407242E+02,0.000000E+00
2.407242E+02,0.000000E+00
2.407242E+02,0.000000E+00
2.407242E+02,0.000000E+00
2.407242E+02,0.000000E+00
2.407242E+02,0.000000E+00
2.407242E+02,0.000000E+00
2.407242E+02,0.000000E+00
2.407242E+02,0.000000E+00
2.407242E+02,0.000000E+00
2.407242E+02,0.000000E+00
2.407242E+02,0.000000E+00
2.407242E+02,0.000000E+00
2.407242E+02,0.000000E+00
2.407242E+02,0.000000E+00
2.407242E+02,0.000000E+00
2.407242E+02,0.000000E+00
2.407242E+02,0.000000E+00
2.407242E+02,0.000000E+00
2.407242E+02,0.000000E+00
2.407242E+02,0.000000E+00
2.407242E+02,0.000000E+00
2.407242E+02,0.000000E+00
2.407242E+02,0.000000E+00
2.407242E+02,0.000000E+00
2.407242E+02,0.000000E+00
2.407242E+02,0.000000E+00
2.407242E+02,0.000000E+00
2.407242E+02,0.000000E+00
2.407242E+02,0.000000E+00
2.407242E+02,0.000000E+00
2.407242E+02,0.000000E+00
2.407242E+02,0.000000E+00
2.407241E+02,0.000000E+00
2.407241E+02,0.000000E+00
2.407241E+02,0.000000E+00
2.407241E+02,0.000000E+00
2.407241E+02,0.000000E+00
2.407241E+02,0.000000E+00
2.407241E+02,0.000000E+00
2.407241E+02,0.000000E+00
2.407241E+02,0.000000E+00
2.407241E+02,0.000000E+00
2.407241E+02,0.000000E+00
2.407241E+02,0.000000E+00
2.407241E+02,0.000000E+00
2.407241E+02,0.000000E+00
2.407241E+02,0.000000E+00
2.407241E+02,0.000000E+00
2.407241E+02,0.000000E+00
2.407241E+02,0.000000E+00
2.407241E+02,0.000000E+00
2.407241E+02,0.000000E+00
2.407241E+02,0.000000E+00
2.407241E+02,0.000000E+00
2.407241E+02,0.000000E+00
2.407241E+02,0.000000E+00
2.407241E+02,0.000000E+00
2.407241E+02,0.000000E+00
2.407241E+02,0.000000E+00
2.407241E+02,0.000000E+00
2.407241E+02,0.000000E+00
2.407241E+02,0.000000E+00
2.407241E+02,0.000000E+00
2.407241E+02,0.000000E+00
2.407241E+02,0.000000E+00
2.407241E+02,0.000000E+00
2.407241E+02,0.000000E+00
2.407241E+02,0.000000E+00
2.407241E+02,0.000000E+00
2.407241E+02,0.000000E+00
2.407241E+02,0.000000E+00
2.407241E+02,0.000000E+00
2.407241E+02,0.000000E+00
2.407241E+02,0.000000E+00
2.407241E+02,0.000000E+00
2.407241E+02,0.000000E+00
2.407241E+02,0.000000E+00
2.407241E+02,0.000000E+00
2.407241E+02,0.000000E+00
2.407241E+02,0.000000E+00
2.407241E+02,0.000000E+00
2.407241E+02,0.000000E+00
2.407241E+02,0.000000E+00
2.407242E+02,0.000000E+00
2.407242E+02,0.000000E+00
2.407242E+02,0.000000E+00
2.407242E+02,0.000000E+00
2.407242E+02,0.000000E+00
2.407242E+02,0.000000E+00
2.407242E+02,0.000000E+00
2.407242E+02,0.000000E+00
2.407242E+02,0.000000E+00
2.407242E+02,0.000000E+00
2.407242E+02,0.000000E+00
2.407242E+02,0.000000E+00
2.407242E+02,0.000000E+00
2.407242E+02,0.000000E+00
2.407242E+02,0.000000E+00
2.407242E+02,0.000000E+00
2.407242E+02,0.000000E+00
2.407242E+02,0.000000E+00
2.407242E+02,0.000000E+00
2.407242E+02,0.000000E+00
2.407242E+02,0.000000E+00
2.407242E+02,0.000000E+00
2.407242E+02,0.000000E+00
2.407242E+02,0.000000E+00
2.407242E+02,0.000000E+00
2.407242E+02,0.000000E+00
2.407242E+02,0.000000E+00
2.407242E+02,0.000000E+00
2.407242E+02,0.000000E+00
2.407242E+02,0.000000E+00
2.407242E+02,0.000000E+00
2.407242E+02,0.000000E+00
2.407242E+02,0.000000E+00
2.407242E+02,0.000000E+00
2.407242E+02,0.000000E+00
2.407242E+02,0.000000E+00
2.407242E+02,0.000000E+00
2.407242E+02,0.000000E+00
2.407242E+02,0.000000E+00
2.407242E+02,0.000000E+00
2.407242E+02,0.000000E+00
2.407242E+02,0.000000E+00
2.407242E+02,0.000000E+00
2.407241E+02,0.000000E+00
2.407241E+02,0.000000E+00
2.407241E+02,0.000000E+00
2.407241E+02,0.000000E+00
2.407241E+02,0.000000E+00
2.407241E+02,1.435207E-05
2.407241E+02,5.724760E-05
2.407241E+02,1.543085E-04
2.407241E+02,3.865251E-04
2.407240E+02,8.247881E-04
2.407239E+02,1.549907E-03
2.407237E+02,2.648804E-03
2.407235E+02,4.215742E-03
2.407232E+02,6.351757E-03
2.407228E+02,9.160757E-03
2.407223E+02,1.274577E-02
2.407216E+02,1.720800E-02
2.407207E+02,2.264726E-02
2.407196E+02,2.916147E-02
2.407181E+02,3.684463E-02
2.407163E+02,4.578521E-02
2.407141E+02,5.606579E-02
2.407115E+02,6.776330E-02
2.407084E+02,8.094879E-02
2.407050E+02,9.568660E-02
2.407013E+02,1.120338E-01
2.406973E+02,1.300403E-01
2.406931E+02,1.497490E-01
2.406889E+02,1.711962E-01
2.406848E+02,1.944107E-01
2.406810E+02,2.194149E-01
2.406775E+02,2.462240E-01
2.406746E+02,2.748472E-01
2.406724E+02,3.052872E-01
2.406709E+02,3.375413E-01
2.406704E+02,3.716008E-01
2.406709E+02,4.074519E-01
2.406723E+02,4.450759E-01
2.406748E+02,4.844498E-01
2.406783E+02,5.255465E-01
2.406826E+02,5.683349E-01
2.406878E+02,6.127808E-01
2.406936E+02,6.588471E-01
2.406999E+02,7.064940E-01
2.407064E+02,7.556796E-01
2.407130E+02,8.063602E-01
2.407195E+02,8.584903E-01
2.407256E+02,9.120238E-01
2.407312E+02,9.669132E-01
2.407361E+02,1.023111E+00
2.407403E+02,1.080568E+00
2.407435E+02,1.139237E+00
2.407458E+02,1.199069E+00
2.407472E+02,1.260016E+00
2.407477E+02,1.322032E+00
2.407474E+02,1.385068E+00
2.407464E+02,1.449079E+00
2.407447E+02,1.514021E+00
2.407426E+02,1.579848E+00
2.407401E+02,1.646521E+00
2.407373E+02,1.713997E+00
2.407345E+02,1.782240E+00
2.407316E+02,1.851213E+00
2.407287E+02,1.920881E+00
2.407260E+02,1.991213E+00
2.407235E+02,2.062178E+00
2.407211E+02,2.133748E+00
2.407191E+02,2.205915E+00
2.407174E+02,2.278753E+00
2.407160E+02,2.352354E+00
2.407147E+02,2.426751E+00
2.407135E+02,2.501935E+00
2.407122E+02,2.577911E+00
2.407109E+02,2.654712E+00
2.407093E+02,2.732371E+00
2.407075E+02,2.810891E+00
2.407053E+02,2.890255E+00
2.407028E+02,2.970451E+00
2.407000E+02,3.051479E+00
2.406970E+02,3.133336E+00
2.406939E+02,3.216002E+00
2.406907E+02,3.299451E+00
2.406877E+02,3.383656E+00
2.406850E+02,3.468596E+00
2.406828E+02,3.554248E+00
2.406812E+02,3.640580E+00
2.406803E+02,3.727558E+00
2.406804E+02,3.815149E+00
2.406814E+02,3.903321E+00
2.406833E+02,3.992042E+00
2.406863E+02,4.081277E+00
2.406901E+02,4.170988E+00
2.406947E+02,4.261143E+00
2.406999E+02,4.351707E+00
2.407055E+02,4.442648E+00
2.407113E+02,4.533932E+00
2.407170E+02,4.625528E+00
2.407224E+02,4.717403E+00
2.407273E+02,4.809530E+00
2.407315E+02,4.901880E+00
2.407349E+02,4.994426E+00
2.407373E+02,5.087144E+00
2.407388E+02,5.180008E+00
2.407392E+02,5.272999E+00
2.407388E+02,5.366095E+00
2.407375E+02,5.459278E+00
2.407356E+02,5.552531E+00
2.407330E+02,5.645838E+00
2.407302E+02,5.739187E+00
2.407271E+02,5.832566E+00
2.407241E+02,5.925963E+00
2.407212E+02,6.019371E+00
2.407187E+02,6.112781E+00
2.407166E+02,6.206187E+00
2.407150E+02,6.299585E+00
2.407140E+02,6.392971E+00
2.407136E+02,6.486341E+00
2.407138E+02,6.579693E+00
2.407144E+02,6.673028E+00
2.407155E+02,6.766344E+00
2.407168E+02,6.859641E+00
2.407184E+02,6.952920E+00
2.407200E+02,7.046183E+00
2.407216E+02,7.139431E+00
2.407231E+02,7.232665E+00
2.407244E+02,7.325886E+00
2.407255E+02,7.419097E+00
2.407262E+02,7.512299E+00
2.407265E+02,7.605493E+00
2.407266E+02,7.698681E+00
2.407264E+02,7.791863E+00
2.407259E+02,7.885039E+00
2.407252E+02,7.978211E+00
2.407245E+02,8.071378E+00
2.407237E+02,8.164540E+00
2.407229E+02,8.257695E+00
2.407222E+02,8.350843E+00
2.407218E+02,8.443982E+00
2.407215E+02,8.537111E+00
2.407215E+02,8.630227E+00
2.407218E+02,8.723328E+00
2.407224E+02,8.816411E+00
2.407232E+02,8.909475E+00
2.407242E+02,9.002516E+00
2.407253E+02,9.095531E+00
2.407265E+02,9.188518E+00
2.407277E+02,9.281473E+00
2.407289E+02,9.374395E+00
2.407299E+02,9.467280E+00
2.407308E+02,9.560126E+00
2.407315E+02,9.652931E+00
2.407319E+02,9.745693E+00
2.407320E+02,9.838410E+00
2.407319E+02,9.931080E+00
2.407315E+02,1.002370E+01
2.407310E+02,1.011628E+01
2.407302E+02,1.020881E+01
2.407293E+02,1.030129E+01
2.407284E+02,1.039372E+01
2.407275E+02,1.048611E+01
2.407266E+02,1.057845E+01
2.407258E+02,1.067075E+01
2.407251E+02,1.076300E+01
2.407246E+02,1.085522E+01
2.407244E+02,1.094740E+01
2.407244E+02,1.103955E+01
2.407246E+02,1.113166E+01
2.407250E+02,1.122375E+01
2.407256E+02,1.131582E+01
2.407263E+02,1.140786E+01
2.407272E+02,1.149989E+01
2.407281E+02,1.159190E+01
2.407290E+02,1.168390E+01
2.407299E+02,1.177590E+01
2.407307E+02,1.186790E+01
2.407314E+02,1.195989E+01
2.407319E+02,1.205189E+01
2.407323E+02,1.214390E+01
2.407325E+02,1.223592E+01
2.407325E+02,1.232795E+01
2.407324E+02,1.241999E+01
2.407321E+02,1.251205E+01
2.407317E+02,1.260413E+01
2.407312E+02,1.269622E+01
2.407307E+02,1.278834E+01
2.407301E+02,1.288048E+01
2.407295E+02,1.297264E+01
2.407290E+02,1.306482E+01
2.407286E+02,1.315703E+01
2.407282E+02,1.324925E+01
2.407280E+02,1.334150E+01
2.407279E+02,1.343377E+01
2.407279E+02,1.352605E+01
2.407280E+02,1.361836E+01
2.407283E+02,1.371068E+01
2.407286E+02,1.380302E+01
2.407290E+02,1.389537E+01
2.407294E+02,1.398774E+01
2.407299E+02,1.408012E+01
2.407303E+02,1.417251E+01
2.407308E+02,1.426491E+01
2.407311E+02,1.435732E+01
2.407314E+02,1.444974E+01
2.407317E+02,1.454216E+01
2.407318E+02,1.463459E+01
2.407319E+02,1.472703E+01
2.407319E+02,1.481947E+01
2.407319E+02,1.491192E+01
2.407318E+02,1.500437E+01
2.407316E+02,1.509682E+01
2.407314E+02,1.518928E+01
2.407312E+02,1.528175E+01
2.407311E+02,1.537422E+01
2.407309E+02,1.546671E+01
2.407308E+02,1.555919E+01
2.407307E+02,1.565169E+01
2.407307E+02,1.574420E+01
2.407307E+02,1.583672E+01
2.407308E+02,1.592926E+01
2.407309E+02,1.602181E+01
2.407311E+02,1.611437E+01
2.407313E+02,1.620696E+01
2.407315E+02,1.629956E+01
2.407317E+02,1.639219E+01
2.407319E+02,1.648483E+01
2.407321E+02,1.657751E+01
2.407322E+02,1.667021E+01
2.407323E+02,1.676293E+01
2.407324E+02,1.685569E+01
2.407325E+02,1.694847E+01
2.407324E+02,1.704128E+01
2.407324E+02,1.713413E+01
2.407323E+02,1.722700E+01
2.407322E+02,1.731991E+01
2.407321E+02,1.741285E+01
2.407320E+02,1.750582E+01
2.407318E+02,1.759883E+01
2.407317E+02,1.769186E+01
2.407316E+02,1.778493E+01
2.407315E+02,1.787803E+01
2.407315E+02,1.797116E+01
2.407315E+02,1.806433E+01
2.407315E+02,1.815751E+01
2.407316E+02,1.825073E+01
2.407317E+02,1.834398E+01
2.407318E+02,1.843725E+01
2.407319E+02,1.853054E+01
2.407321E+02,1.862386E+01
2.407322E+02,1.871720E+01
2.407324E+02,1.881056E+01
2.407325E+02,1.890394E+01
2.407326E+02,1.899734E+01
2.407327E+02,1.909076E+01
2.407328E+02,1.918420E+01
2.407329E+02,1.927765E+01
2.407329E+02,1.937111E+01
2.407329E+02,1.946459E+01
2.407328E+02,1.955808E+01
2.407328E+02,1.965158E+01
2.407327E+02,1.974510E+01
2.407326E+02,1.983863E+01
2.407325E+02,1.993216E+01
2.407324E+02,2.002571E+01
2.407323E+02,2.011927E+01
2.407322E+02,2.021285E+01
2.407321E+02,2.030643E+01
2.407321E+02,2.040002E+01
2.407320E+02,2.049363E+01
2.407320E+02,2.058725E+01
2.407320E+02,2.068088E+01
2.407320E+02,2.077452E+01
2.407320E+02,2.086817E+01
2.407321E+02,2.096184E+01
2.407321E+02,2.105553E+01
2.407322E+02,2.114923E+01
2.407322E+02,2.124294E+01
2.407323E+02,2.133667E+01
2.407323E+02,2.143042E+01
2.407323E+02,2.152418E+01
2.407323E+02,2.161796E+01
2.407323E+02,2.171175E+01
2.407323E+02,2.180556E+01
2.407323E+02,2.189939E+01
2.407323E+02,2.199324E+01
2.407323E+02,2.208711E+01
2.407322E+02,2.218099E+01
2.407322E+02,2.227489E+01
2.407321E+02,2.236880E+01
2.407321E+02,2.246274E+01
2.407320E+02,2.255668E+01
2.407320E+02,2.265065E+01
2.407320E+02,2.274462E+01
2.407320E+02,2.283862E+01
2.407320E+02,2.293262E+01
2.407320E+02,2.302664E+01
2.407321E+02,2.312067E+01
2.407321E+02,2.321471E+01
2.407322E+02,2.330876E+01
2.407322E+02,2.340282E+01
2.407323E+02,2.349689E+01
2.407323E+02,2.359097E+01
2.407324E+02,2.368505E+01
2.407324E+02,2.377914E+01
2.407325E+02,2.387324E+01
2.407325E+02,2.396734E+01
2.407325E+02,2.406144E+01
2.407326E+02,2.415555E+01
2.407326E+02,2.424966E+01
2.407326E+02,2.434377E+01
2.407326E+02,2.443788E+01
2.407326E+02,2.453200E+01
2.407326E+02,2.462612E+01
2.407326E+02,2.472023E+01
2.407325E+02,2.481435E+01
2.407325E+02,2.490847E+01
2.407325E+02,2.500259E+01
2.407325E+02,2.509671E+01
2.407325E+02,2.519083E+01
2.407325E+02,2.528496E+01
2.407325E+02,2.537908E+01
2.407326E+02,2.547320E+01
2.407326E+02,2.556733E+01
2.407326E+02,2.566146E+01
2.407326E+02,2.575559E+01
2.407327E+02,2.584972E+01
2.407327E+02,2.594385E+01
2.407327E+02,2.603799E+01
2.407328E+02,2.613213E+01
2.407328E+02,2.622627E+01
2.407328E+02,2.632042E+01
2.407328E+02,2.641457E+01
2.407328E+02,2.650872E+01
2.407328E+02,2.660288E+01
2.407328E+02,2.669704E+01
2.407328E+02,2.679121E+01
2.407328E+02,2.688538E+01
2.407328E+02,2.697955E+01
2.407328E+02,2.707373E+01
2.407328E+02,2.716791E+01
2.407327E+02,2.726209E+01
2.407327E+02,2.735628E+01
2.407327E+02,2.745047E+01
2.407327E+02,2.754467E+01
2.407327E+02,2.763887E+01
2.407327E+02,2.773307E+01
2.407327E+02,2.782727E+01
2.407327E+02,2.792147E+01
2.407327E+02,2.801568E+01
2.407327E+02,2.810988E+01
2.407327E+02,2.820409E+01
2.407327E+02,2.829829E+01
2.407327E+02,2.839250E+01
2.407327E+02,2.848670E+01
2.407327E+02,2.858091E+01
2.407327E+02,2.867511E+01
2.407327E+02,2.876931E+01
2.407327E+02,2.886351E+01
2.407327E+02,2.895770E+01
2.407327E+02,2.905190E+01
2.407327E+02,2.914609E+01
2.407326E+02,2.924027E+01
2.407326E+02,2.933446E+01
2.407326E+02,2.942864E+01
2.407326E+02,2.952282E+01
2.407326E+02,2.961699E+01
2.407325E+02,2.971116E+01
2.407325E+02,2.980533E+01
2.407325E+02,2.989950E+01
2.407325E+02,2.999366E+01
2.407325E+02,3.008782E+01
2.407325E+02,3.018197E+01
2.407325E+02,3.027613E+01
2.407325E+02,3.037028E+01
2.407325E+02,3.046443E+01
2.407325E+02,3.055857E+01
2.407325E+02,3.065272E+01
2.407325E+02,3.074686E+01
2.407325E+02,3.084101E+01
2.407325E+02,3.093515E+01
2.407325E+02,3.102929E+01
2.407325E+02,3.112343E+01
2.407325E+02,3.121757E+01
2.407325E+02,3.131171E+01
2.407325E+02,3.140585E+01
2.407324E+02,3.149999E+01
2.407324E+02,3.159413E+01
2.407324E+02,3.168827E+01
2.407324E+02,3.178241E+01
2.407324E+02,3.187655E+01
2.407324E+02,3.197069E+01
2.407324E+02,3.206483E+01
2.407324E+02,3.215897E+01
2.407324E+02,3.225311E+01
2.407324E+02,3.234725E+01
2.407324E+02,3.244139E+01
2.407324E+02,3.253553E+01
2.407324E+02,3.262967E+01
2.407324E+02,3.272381E+01
2.407324E+02,3.281795E+01
2.407324E+02,3.291208E+01
2.407324E+02,3.300622E+01
2.407325E+02,3.310036E+01
2.407325E+02,3.319449E+01
2.407325E+02,3.328862E+01
2.407325E+02,3.338275E+01
2.407325E+02,3.347688E+01
2.407325E+02,3.357101E+01
2.407325E+02,3.366513E+01
2.407325E+02,3.375926E+01
2.407325E+02,3.385338E+01
2.407325E+02,3.394750E+01
2.407326E+02,3.404161E+01
2.407326E+02,3.413573E+01
2.407326E+02,3.422984E+01
2.407326E+02,3.432395E+01
2.407326E+02,3.441805E+01
2.407326E+02,3.451216E+01
2.407326E+02,3.460626E+01
2.407326E+02,3.470036E+01
2.407326E+02,3.479445E+01
2.407326E+02,3.488855E+01
2.407326E+02,3.498264E+01
2.407326E+02,3.507674E+01
2.407326E+02,3.517083E+01
2.407326E+02,3.526492E+01
2.407326E+02,3.535901E+01
2.407326E+02,3.545309E+01
2.407326E+02,3.554718E+01
2.407327E+02,3.564126E+01
2.407327E+02,3.573535E+01
2.407327E+02,3.582943E+01
2.407327E+02,3.592352E+01
2.407327E+02,3.601760E+01
2.407327E+02,3.611169E+01
2.407327E+02,3.620577E+01
2.407327E+02,3.629985E+01
2.407327E+02,3.639394E+01
2.407327E+02,3.648802E+01
2.407327E+02,3.658211E+01
2.407326E+02,3.667619E+01
2.407326E+02,3.677028E+01
2.407326E+02,3.686436E+01
2.407326E+02,3.695845E+01
2.407326E+02,3.705254E+01
2.407326E+02,3.714662E+01
2.407326E+02,3.724071E+01
2.407326E+02,3.733480E+01
2.407326E+02,3.742889E+01
2.407326E+02,3.752298E+01
2.407326E+02,3.761706E+01
2.407326E+02,3.771115E+01
2.407326E+02,3.780524E+01
2.407326E+02,3.789933E+01
2.407326E+02,3.799341E+01
2.407326E+02,3.808750E+01
2.407326E+02,3.818159E+01
2.407325E+02,3.827567E+01
2.407325E+02,3.836976E+01
2.407325E+02,3.846384E+01
2.407325E+02,3.855792E+01
2.407325E+02,3.865201E+01
2.407325E+02,3.874609E+01
2.407325E+02,3.884017E+01
2.407325E+02,3.893425E+01
2.407325E+02,3.902833E+01
2.407325E+02,3.912241E+01
2.407325E+02,3.921649E+01
2.407325E+02,3.931056E+01
2.407325E+02,3.940464E+01
2.407325E+02,3.949872E+01
2.407325E+02,3.959279E+01
2.407324E+02,3.968687E+01
2.407324E+02,3.978094E+01
2.407324E+02,3.987501E+01
2.407324E+02,3.996909E+01
2.407324E+02,4.006316E+01
2.407324E+02,4.015723E+01
2.407324E+02,4.025130E+01
2.407324E+02,4.034538E+01
2.407324E+02,4.043945E+01
2.407324E+02,4.053352E+01
2.407324E+02,4.062759E+01
2.407324E+02,4.072167E+01
2.407324E+02,4.081574E+01
2.407324E+02,4.090981E+01
2.407324E+02,4.100389E+01
2.407324E+02,4.109796E+01
2.407324E+02,4.119204E+01
2.407324E+02,4.128611E+01
2.407324E+02,4.138019E+01
2.407324E+02,4.147426E+01
2.407324E+02,4.156834E+01
2.407324E+02,4.166242E+01
2.407324E+02,4.175650E+01
2.407324E+02,4.185058E+01
2.407324E+02,4.194466E+01
2.407324E+02,4.203874E+01
2.407324E+02,4.213282E+01
2.407324E+02,4.222690E+01
2.407324E+02,4.232098E+01
2.407324E+02,4.241506E+01
2.407325E+02,4.250914E+01
2.407325E+02,4.260323E+01
2.407325E+02,4.269731E+01
2.407325E+02,4.279139E+01
2.407325E+02,4.288547E+01
2.407325E+02,4.297955E+01
2.407325E+02,4.307364E+01
2.407325E+02,4.316772E+01
2.407325E+02,4.326180E+01
2.407325E+02,4.335588E+01
2.407325E+02,4.344996E+01
2.407325E+02,4.354405E+01
2.407325E+02,4.363813E+01
2.407325E+02,4.373221E+01
2.407325E+02,4.382629E+01
2.407325E+02,4.392037E+01
2.407325E+02,4.401445E+01
2.407325E+02,4.410853E+01
2.407325E+02,4.420261E+01
2.407325E+02,4.429669E+01
2.407325E+02,4.439077E+01
2.407325E+02,4.448485E+01
2.407325E+02,4.457893E+01
2.407326E+02,4.467300E+01
2.407326E+02,4.476708E+01
2.407326E+02,4.486116E+01
2.407326E+02,4.495524E+01
2.407326E+02,4.504932E+01
2.407326E+02,4.514340E+01
2.407326E+02,4.523748E+01
2.407326E+02,4.533156E+01
2.407326E+02,4.542564E+01
2.407326E+02,4.551972E+01
2.407326E+02,4.561380E+01
2.407326E+02,4.570788E+01
2.407326E+02,4.580196E+01
2.407326E+02,4.589604E+01
2.407326E+02,4.599012E+01
2.407325E+02,4.608420E+01
2.407325E+02,4.617828E+01
2.407325E+02,4.627237E+01
2.407325E+02,4.636645E+01
2.407325E+02,4.646053E+01
2.407325E+02,4.655462E+01
2.407325E+02,4.664870E+01
2.407325E+02,4.674279E+01
2.407325E+02,4.683687E+01
2.407325E+02,4.693096E+01
2.407325E+02,4.702504E+01
2.407325E+02,4.711913E+01
2.407325E+02,4.721322E+01
2.407325E+02,4.730730E+01
2.407325E+02,4.740139E+01
2.407325E+02,4.749548E+01
2.407325E+02,4.758956E+01
2.407325E+02,4.768365E+01
2.407325E+02,4.777774E+01
2.407325E+02,4.787182E+01
2.407325E+02,4.796591E+01
2.407325E+02,4.806000E+01
2.407325E+02,4.815408E+01
2.407325E+02,4.824817E+01
2.407325E+02,4.834226E+01
2.407324E+02,4.843634E+01
2.407324E+02,4.853043E+01
2.407324E+02,4.862451E+01
2.407324E+02,4.871860E+01
2.407324E+02,4.881269E+01
2.407324E+02,4.890677E+01
2.407324E+02,4.900086E+01
2.407324E+02,4.909494E+01
2.407324E+02,4.918903E+01
2.407324E+02,4.928311E+01
2.407324E+02,4.937720E+01
2.407324E+02,4.947128E+01
2.407324E+02,4.956537E+01
2.407324E+02,4.965945E+01
2.407324E+02,4.975354E+01
2.407324E+02,4.984762E+01
2.407324E+02,4.994171E+01
2.407324E+02,5.003579E+01
2.407324E+02,5.012988E+01
2.407324E+02,5.022396E+01
2.407324E+02,5.031804E+01
2.407324E+02,5.041213E+01
2.407324E+02,5.050622E+01
2.407324E+02,5.060030E+01
2.407324E+02,5.069439E+01
2.407324E+02,5.078847E+01
2.407324E+02,5.088256E+01
2.407324E+02,5.097664E+01
2.407324E+02,5.107073E+01
2.407324E+02,5.116482E+01
2.407324E+02,5.125890E+01
2.407324E+02,5.135299E+01
2.407324E+02,5.144707E+01
2.407324E+02,5.154116E+01
2.407324E+02,5.163525E+01
2.407324E+02,5.172934E+01
2.407324E+02,5.182342E+01
2.407324E+02,5.191751E+01
2.407324E+02,5.201160E+01
2.407324E+02,5.210568E+01
2.407324E+02,5.219977E+01
2.407325E+02,5.229386E+01
2.407325E+02,5.238795E+01
2.407325E+02,5.248203E+01
2.407325E+02,5.257612E+01
2.407325E+02,5.267021E+01
2.407325E+02,5.276429E+01
2.407325E+02,5.285838E+01
2.407325E+02,5.295247E+01
2.407325E+02,5.304655E+01
2.407325E+02,5.314064E+01
2.407325E+02,5.323473E+01
2.407325E+02,5.332881E+01
2.407325E+02,5.342290E+01
2.407325E+02,5.351698E+01
2.407325E+02,5.361107E+01
2.407325E+02,5.370516E+01
2.407325E+02,5.379924E+01
2.407325E+02,5.389333E+01
2.407325E+02,5.398741E+01
2.407325E+02,5.408150E+01
2.407325E+02,5.417558E+01
2.407325E+02,5.426967E+01
2.407325E+02,5.436375E+01
2.407325E+02,5.445784E+01
2.407325E+02,5.455192E+01
2.407325E+02,5.464600E+01
2.407325E+02,5.474009E+01
2.407325E+02,5.483417E+01
2.407325E+02,5.492826E+01
2.407325E+02,5.502234E+01
2.407325E+02,5.511643E+01
2.407325E+02,5.521051E+01
2.407325E+02,5.530460E+01
2.407325E+02,5.539868E+01
2.407325E+02,5.549276E+01
2.407325E+02,5.558685E+01
2.407325E+02,5.568093E+01
2.407325E+02,5.577502E+01
2.407325E+02,5.586910E+01
2.407325E+02,5.596319E+01
2.407325E+02,5.605727E+01
2.407325E+02,5.615136E+01
2.407325E+02,5.624544E+01
2.407325E+02,5.633953E+01
2.407325E+02,5.643361E+01
2.407325E+02,5.652770E+01
2.407325E+02,5.662178E+01
2.407325E+02,5.671587E+01
2.407324E+02,5.680995E+01
2.407324E+02,5.690404E+01
2.407324E+02,5.699812E+01
2.407324E+02,5.709221E+01
2.407324E+02,5.718630E+01
2.407324E+02,5.728038E+01
2.407324E+02,5.737447E+01
2.407324E+02,5.746855E+01
2.407324E+02,5.756264E+01
2.407324E+02,5.765672E+01
2.407324E+02,5.775080E+01
2.407324E+02,5.784489E+01
2.407324E+02,5.793897E+01
2.407324E+02,5.803306E+01
2.407324E+02,5.812714E+01
2.407324E+02,5.822123E+01
2.407324E+02,5.831531E+01
2.407324E+02,5.840940E+01
2.407324E+02,5.850348E+01
2.407324E+02,5.859756E+01
2.407324E+02,5.869165E+01
2.407324E+02,5.878573E+01
2.407324E+02,5.887981E+01
2.407324E+02,5.897390E+01
2.407324E+02,5.906798E+01
2.407324E+02,5.916206E+01
2.407324E+02,5.925615E+01
2.407324E+02,5.935023E+01
2.407324E+02,5.944431E+01
2.407324E+02,5.953840E+01
2.407324E+02,5.963248E+01
2.407324E+02,5.972656E+01
2.407324E+02,5.982065E+01
2.407324E+02,5.991473E+01
2.407324E+02,6.000881E+01
2.407324E+02,6.010289E+01
2.407324E+02,6.019698E+01
2.407324E+02,6.029106E+01
2.407324E+02,6.038514E+01
2.407324E+02,6.047923E+01
2.407324E+02,6.057331E+01
2.407324E+02,6.066739E+01
2.407324E+02,6.076148E+01
2.407324E+02,6.085556E+01
2.407324E+02,6.094964E+01
2.407324E+02,6.104372E+01
2.407324E+02,6.113781E+01
2.407324E+02,6.123189E+01
2.407324E+02,6.132597E+01
2.407324E+02,6.142006E+01
2.407324E+02,6.151414E+01
2.407324E+02,6.160822E+01
2.407324E+02,6.170231E+01
2.407324E+02,6.179639E+01
2.407324E+02,6.189047E+01
2.407324E+02,6.198456E+01
2.407324E+02,6.207864E+01
2.407324E+02,6.217272E+01
2.407324E+02,6.226680E+01
2.407324E+02,6.236089E+01
2.407324E+02,6.245497E+01
2.407324E+02,6.254905E+01
2.407325E+02,6.264313E+01
2.407325E+02,6.273722E+01
2.407325E+02,6.283130E+01
2.407325E+02,6.292538E+01
2.407325E+02,6.301946E+01
2.407325E+02,6.311355E+01
2.407325E+02,6.320763E+01
2.407325E+02,6.330171E+01
2.407325E+02,6.339579E+01
2.407325E+02,6.348987E+01
2.407325E+02,6.358396E+01
2.407325E+02,6.367804E+01
2.407325E+02,6.377212E+01
2.407325E+02,6.386620E+01
2.407325E+02,6.396028E+01
2.407325E+02,6.405436E+01
2.407325E+02,6.414845E+01
2.407325E+02,6.424253E+01
2.407325E+02,6.433661E+01
2.407325E+02,6.443069E+01
2.407325E+02,6.452477E+01
2.407325E+02,6.461885E+01
2.407325E+02,6.471294E+01
2.407324E+02,6.480702E+01
2.407324E+02,6.490110E+01
2.407324E+02,6.499518E+01
2.407324E+02,6.508926E+01
2.407324E+02,6.518334E+01
2.407324E+02,6.527742E+01
2.407324E+02,6.537151E+01
2.407324E+02,6.546559E+01
2.407324E+02,6.555967E+01
2.407324E+02,6.565375E+01
2.407324E+02,6.574783E+01
2.407324E+02,6.584191E+01
2.407324E+02,6.593600E+01
2.407324E+02,6.603008E+01
2.407324E+02,6.612416E+01
2.407324E+02,6.621824E+01
2.407324E+02,6.631232E+01
2.407324E+02,6.640640E+01
2.407324E+02,6.650048E+01
2.407324E+02,6.659457E+01
2.407324E+02,6.668865E+01
2.407324E+02,6.678273E+01
2.407324E+02,6.687681E+01
2.407324E+02,6.697089E+01
2.407324E+02,6.706497E+01
2.407324E+02,6.715906E+01
2.407324E+02,6.725314E+01
2.407324E+02,6.734722E+01
2.407324E+02,6.744130E+01
2.407324E+02,6.753538E+01
2.407324E+02,6.762946E+01
2.407324E+02,6.772354E+01
2.407324E+02,6.781762E+01
2.407324E+02,6.791171E+01
2.407324E+02,6.800579E+01
2.407324E+02,6.809987E+01
2.407324E+02,6.819395E+01
2.407324E+02,6.828803E+01
2.407324E+02,6.838211E+01
2.407324E+02,6.847619E+01
2.407324E+02,6.857027E+01
2.407324E+02,6.866435E+01
2.407324E+02,6.875843E+01
2.407324E+02,6.885251E+01
2.407324E+02,6.894659E+01
2.407324E+02,6.904068E+01
2.407324E+02,6.913476E+01
2.407324E+02,6.922884E+01
2.407324E+02,6.932292E+01
2.407324E+02,6.941700E+01
2.407324E+02,6.951108E+01
2.407324E+02,6.960516E+01
2.407324E+02,6.969924E+01
2.407324E+02,6.979332E+01
2.407324E+02,6.988740E+01
2.407324E+02,6.998148E+01
2.407324E+02,7.007556E+01
2.407324E+02,7.016964E+01
2.407324E+02,7.026372E+01
2.407324E+02,7.035780E+01
2.407324E+02,7.045188E+01
2.407324E+02,7.054596E+01
2.407324E+02,7.064004E+01
2.407324E+02,7.073412E+01
2.407324E+02,7.082820E+01
2.407324E+02,7.092228E+01
2.407324E+02,7.101637E+01
2.407324E+02,7.111045E+01
2.407324E+02,7.120453E+01
2.407324E+02,7.129861E+01
2.407324E+02,7.139269E+01
2.407324E+02,7.148677E+01
2.407324E+02,7.158085E+01
2.407324E+02,7.167493E+01
2.407324E+02,7.176901E+01
2.407324E+02,7.186309E+01
2.407324E+02,7.195717E+01
2.407324E+02,7.205125E+01
2.407324E+02,7.214533E+01
2.407324E+02,7.223941E+01
2.407324E+02,7.233349E+01
2.407324E+02,7.242757E+01
2.407324E+02,7.252165E+01
2.407324E+02,7.261573E+01
2.407324E+02,7.270981E+01
2.407324E+02,7.280389E+01
2.407324E+02,7.289797E+01
2.407324E+02,7.299205E+01
2.407324E+02,7.308613E+01
2.407324E+02,7.318021E+01
2.407324E+02,7.327429E+01
2.407324E+02,7.336837E+01
2.407324E+02,7.346244E+01
2.407324E+02,7.355652E+01
2.407324E+02,7.365060E+01
2.407324E+02,7.374468E+01
2.407324E+02,7.383876E+01
2.407324E+02,7.393284E+01
2.407324E+02,7.402692E+01
2.407324E+02,7.412100E+01
2.407324E+02,7.421508E+01
2.407324E+02,7.430916E+01
2.407324E+02,7.440324E+01
2.407324E+02,7.449732E+01
2.407324E+02,7.459140E+01
2.407324E+02,7.468548E+01
2.407324E+02,7.477956E+01
2.407324E+02,7.487364E+01
2.407324E+02,7.496772E+01
2.407324E+02,7.506180E+01
2.407324E+02,7.515587E+01
2.407324E+02,7.524995E+01
2.407324E+02,7.534403E+01
2.407324E+02,7.543811E+01
2.407324E+02,7.553219E+01
2.407324E+02,7.562627E+01
2.407324E+02,7.572035E+01
2.407324E+02,7.581443E+01
2.407324E+02,7.590851E+01
2.407324E+02,7.600259E+01
2.407324E+02,7.609667E+01
2.407324E+02,7.619075E+01
2.407324E+02,7.628483E+01
2.407324E+02,7.637891E+01
2.407324E+02,7.647298E+01
2.407324E+02,7.656706E+01
2.407324E+02,7.666114E+01
2.407324E+02,7.675522E+01
2.407324E+02,7.684930E+01
2.407324E+02,7.694338E+01
2.407324E+02,7.703746E+01
2.407324E+02,7.713154E+01
2.407324E+02,7.722562E+01
2.407324E+02,7.731970E+01
2.407324E+02,7.741377E+01
2.407324E+02,7.750785E+01
2.407324E+02,7.760193E+01
2.407324E+02,7.769601E+01
2.407324E+02,7.779009E+01
2.407324E+02,7.788417E+01
2.407324E+02,7.797825E+01
2.407324E+02,7.807233E+01
2.407324E+02,7.816640E+01
2.407324E+02,7.826048E+01
2.407324E+02,7.835456E+01
2.407324E+02,7.844864E+01
2.407324E+02,7.854272E+01
2.407324E+02,7.863680E+01
2.407324E+02,7.873088E+01
2.407324E+02,7.882495E+01
2.407324E+02,7.891903E+01
2.407324E+02,7.901311E+01
2.407324E+02,7.910719E+01
2.407324E+02,7.920127E+01
2.407324E+02,7.929535E+01
2.407324E+02,7.938942E+01
2.407324E+02,7.948350E+01
2.407324E+02,7.957758E+01
2.407324E+02,7.967166E+01
2.407324E+02,7.976574E+01
2.407324E+02,7.985982E+01
2.407324E+02,7.995389E+01
2.407324E+02,8.004797E+01
2.407324E+02,8.014205E+01
2.407324E+02,8.023613E+01
2.407324E+02,8.033021E+01
2.407324E+02,8.042428E+01
2.407324E+02,8.051836E+01
2.407324E+02,8.061244E+01
2.407324E+02,8.070652E+01
2.407324E+02,8.080060E+01
2.407324E+02,8.089467E+01
2.407324E+02,8.098875E+01
2.407324E+02,8.108283E+01
2.407324E+02,8.117691E+01
2.407324E+02,8.127099E+01
2.407324E+02,8.136506E+01
2.407324E+02,8.145914E+01
2.407324E+02,8.155322E+01
2.407324E+02,8.164730E+01
2.407324E+02,8.174138E+01
2.407324E+02,8.183545E+01
2.407324E+02,8.192953E+01
2.407324E+02,8.202361E+01
2.407324E+02,8.211769E+01
2.407324E+02,8.221176E+01
2.407324E+02,8.230584E+01
2.407324E+02,8.239992E+01
2.407324E+02,8.249400E+01
2.407324E+02,8.258807E+01
2.407324E+02,8.268215E+01
2.407324E+02,8.277623E+01
2.407324E+02,8.287031E+01
2.407324E+02,8.296438E+01
2.407324E+02,8.305846E+01
2.407324E+02,8.315254E+01
2.407324E+02,8.324662E+01
2.407324E+02,8.334069E+01
2.407324E+02,8.343477E+01
2.407324E+02,8.352885E+01
2.407324E+02,8.362293E+01
2.407324E+02,8.371700E+01
2.407324E+02,8.381108E+01
2.407324E+02,8.390516E+01
2.407324E+02,8.399924E+01
2.407324E+02,8.409331E+01
2.407324E+02,8.418739E+01
2.407324E+02,8.428147E+01
2.407324E+02,8.437554E+01
2.407324E+02,8.446962E+01
2.407324E+02,8.456370E+01
2.407324E+02,8.465778E+01
2.407324E+02,8.475185E+01
2.407324E+02,8.484593E+01
2.407324E+02,8.494001E+01
2.407324E+02,8.503408E+01
2.407324E+02,8.512816E+01
2.407324E+02,8.522224E+01
2.407324E+02,8.531632E+01
2.407324E+02,8.541039E+01
2.407324E+02,8.550447E+01
2.407324E+02,8.559855E+01
2.407324E+02,8.569262E+01
2.407324E+02,8.578670E+01
2.407324E+02,8.588078E+01
2.407324E+02,8.597485E+01
2.407324E+02,8.606893E+01
2.407324E+02,8.616301E+01
2.407324E+02,8.625708E+01
2.407324E+02,8.635116E+01
2.407324E+02,8.644524E+01
2.407324E+02,8.653931E+01
2.407324E+02,8.663339E+01
2.407324E+02,8.672747E+01
2.407324E+02,8.682154E+01
2.407324E+02,8.691562E+01
2.407324E+02,8.700970E+01
2.407324E+02,8.710377E+01
2.407324E+02,8.719785E+01
2.407324E+02,8.729193E+01
2.407324E+02,8.738600E+01
2.407324E+02,8.748008E+01
2.407324E+02,8.757416E+01
2.407324E+02,8.766823E+01
2.407324E+02,8.776231E+01
2.407324E+02,8.785639E+01
2.407324E+02,8.795046E+01
2.407324E+02,8.804454E+01
2.407324E+02,8.813862E+01
2.407324E+02,8.823269E+01
2.407324E+02,8.832677E+01
2.407324E+02,8.842084E+01
2.407324E+02,8.851492E+01
2.407324E+02,8.860900E+01
2.407324E+02,8.870307E+01
2.407324E+02,8.879715E+01
2.407324E+02,8.889123E+01
2.407324E+02,8.898530E+01
2.407324E+02,8.907938E+01
2.407324E+02,8.917345E+01
2.407324E+02,8.926753E+01
2.407324E+02,8.936161E+01
2.407324E+02,8.945568E+01
2.407324E+02,8.954976E+01
2.407324E+02,8.964383E+01
2.407324E+02,8.973791E+01
2.407324E+02,8.983199E+01
2.407324E+02,8.992606E+01
2.407324E+02,9.002014E+01
2.407324E+02,9.011421E+01
2.407324E+02,9.020829E+01
2.407324E+02,9.030237E+01
2.407324E+02,9.039644E+01
2.407324E+02,9.049052E+01
2.407324E+02,9.058459E+01
2.407324E+02,9.067867E+01
2.407324E+02,9.077275E+01
2.407324E+02,9.086682E+01
2.407324E+02,9.096090E+01
2.407324E+02,9.105497E+01
2.407324E+02,9.114905E+01
2.407324E+02,9.124312E+01
2.407324E+02,9.133720E+01
2.407324E+02,9.143127E+01
2.407324E+02,9.152535E+01
2.407324E+02,9.161943E+01
2.407324E+02,9.171350E+01
2.407324E+02,9.180758E+01
2.407324E+02,9.190165E+01
2.407324E+02,9.199573E+01
2.407324E+02,9.208980E+01
2.407324E+02,9.218388E+01
2.407324E+02,9.227795E+01
2.407324E+02,9.237203E+01
2.407324E+02,9.246611E+01
2.407324E+02,9.256018E+01
2.407324E+02,9.265426E+01
2.407324E+02,9.274833E+01
2.407324E+02,9.284241E+01
2.407324E+02,9.293648E+01
2.407324E+02,9.303056E+01
2.407324E+02,9.312463E+01
2.407324E+02,9.321871E+01
2.407324E+02,9.331278E+01
2.407324E+02,9.340686E+01
2.407324E+02,9.350093E+01
2.407324E+02,9.359501E+01
2.407324E+02,9.368908E+01
2.407324E+02,9.378316E+01
2.407324E+02,9.387723E+01
2.407324E+02,9.397131E+01
2.407324E+02,9.406538E+01
2.407324E+02,9.415946E+01
2.407324E+02,9.425353E+01
2.407324E+02,9.434761E+01
2.407324E+02,9.444168E+01
2.407324E+02,9.453576E+01
2.407324E+02,9.462983E+01
2.407324E+02,9.472391E+01
2.407324E+02,9.481798E+01
2.407324E+02,9.491206E+01
2.407324E+02,9.500613E+01
2.407324E+02,9.510021E+01
2.407324E+02,9.519428E+01
2.407324E+02,9.528836E+01
2.407324E+02,9.538243E+01
2.407324E+02,9.547651E+01
2.407324E+02,9.557058E+01
2.407324E+02,9.566466E+01
2.407324E+02,9.575873E+01
2.407324E+02,9.585281E+01
2.407324E+02,9.594688E+01
2.407324E+02,9.604096E+01
2.407324E+02,9.613503E+01
2.407324E+02,9.622911E+01
2.407324E+02,9.632318E+01
2.407324E+02,9.641725E+01
2.407324E+02,9.651133E+01
2.407324E+02,9.660540E+01
2.407324E+02,9.669948E+01
2.407324E+02,9.679355E+01
2.407324E+02,9.688763E+01
2.407324E+02,9.698170E+01
2.407324E+02,9.707578E+01
2.407324E+02,9.716985E+01
2.407324E+02,9.726393E+01
2.407324E+02,9.735800E+01
2.407324E+02,9.745207E+01
2.407324E+02,9.754615E+01
2.407324E+02,9.764022E+01
2.407324E+02,9.773430E+01
2.407324E+02,9.782837E+01
2.407324E+02,9.792245E+01
2.407324E+02,9.801652E+01
2.407324E+02,9.811059E+01
2.407324E+02,9.820467E+01
2.407324E+02,9.829874E+01
2.407324E+02,9.839282E+01
2.407324E+02,9.848689E+01
2.407324E+02,9.858096E+01
2.407324E+02,9.867504E+01
2.407324E+02,9.876911E+01
2.407324E+02,9.886319E+01
2.407324E+02,9.895726E+01
2.407324E+02,9.905134E+01
2.407324E+02,9.914541E+01
2.407324E+02,9.923948E+01
2.407324E+02,9.933356E+01
2.407324E+02,9.942763E+01
2.407324E+02,9.952170E+01
2.407324E+02,9.961578E+01
2.407324E+02,9.970985E+01
2.407324E+02,9.980393E+01
2.407324E+02,9.989800E+01
2.407324E+02,9.999207E+01
2.407324E+02,1.000861E+02
2.407324E+02,1.001802E+02
2.407324E+02,1.002743E+02
2.407324E+02,1.003684E+02
2.407324E+02,1.004624E+02
2.407324E+02,1.005565E+02
2.407324E+02,1.006506E+02
2.407324E+02,1.007447E+02
2.407324E+02,1.008387E+02
2.407324E+02,1.009328E+02
2.407324E+02,1.010269E+02
2.407324E+02,1.011210E+02
2.407324E+02,1.012150E+02
2.407324E+02,1.013091E+02
2.407324E+02,1.014032E+02
2.407324E+02,1.014973E+02
2.407324E+02,1.015913E+02
2.407324E+02,1.016854E+02
2.407324E+02,1.017795E+02
2.407324E+02,1.018735E+02
2.407324E+02,1.019676E+02
2.407324E+02,1.020617E+02
2.407324E+02,1.021558E+02
2.407324E+02,1.022498E+02
2.407324E+02,1.023439E+02
2.407324E+02,1.024380E+02
2.407324E+02,1.025321E+02
2.407324E+02,1.026261E+02
2.407324E+02,1.027202E+02
2.407324E+02,1.028143E+02
2.407324E+02,1.029084E+02
2.407324E+02,1.030024E+02
2.407324E+02,1.030965E+02
2.407324E+02,1.031906E+02
2.407324E+02,1.032846E+02
2.407324E+02,1.033787E+02
2.407324E+02,1.034728E+02
2.407324E+02,1.035669E+02
2.407324E+02,1.036609E+02
2.407324E+02,1.037550E+02
2.407324E+02,1.038491E+02
2.407324E+02,1.039432E+02
2.407324E+02,1.040372E+02
2.407324E+02,1.041313E+02
2.407324E+02,1.042254E+02
2.407324E+02,1.043195E+02
2.407324E+02,1.044135E+02
2.407324E+02,1.045076E+02
2.407324E+02,1.046017E+02
2.407324E+02,1.046957E+02
2.407324E+02,1.047898E+02
2.407324E+02,1.048839E+02
2.407324E+02,1.049780E+02
2.407324E+02,1.050720E+02
2.407324E+02,1.051661E+02
2.407324E+02,1.052602E+02
2.407324E+02,1.053543E+02
2.407324E+02,1.054483E+02
2.407324E+02,1.055424E+02
2.407324E+02,1.056365E+02
2.407324E+02,1.057305E+02
2.407324E+02,1.058246E+02
2.407324E+02,1.059187E+02
2.407324E+02,1.060128E+02
2.407324E+02,1.061068E+02
2.407324E+02,1.062009E+02
2.407324E+02,1.062950E+02
2.407324E+02,1.063891E+02
2.407324E+02,1.064831E+02
2.407324E+02,1.065772E+02
2.407324E+02,1.066713E+02
2.407324E+02,1.067653E+02
2.407324E+02,1.068594E+02
2.407324E+02,1.069535E+02
2.407324E+02,1.070476E+02
2.407324E+02,1.071416E+02
2.407324E+02,1.072357E+02
2.407324E+02,1.073298E+02
2.407324E+02,1.074238E+02
2.407324E+02,1.075179E+02
2.407324E+02,1.076120E+02
2.407324E+02,1.077061E+02
2.407324E+02,1.078001E+02
2.407324E+02,1.078942E+02
2.407324E+02,1.079883E+02
2.407324E+02,1.080824E+02
2.407324E+02,1.081764E+02
2.407324E+02,1.082705E+02
2.407324E+02,1.083646E+02
2.407324E+02,1.084586E+02
2.407324E+02,1.085527E+02
2.407324E+02,1.086468E+02
2.407324E+02,1.087409E+02
2.407324E+02,1.088349E+02
2.407324E+02,1.089290E+02
2.407324E+02,1.090231E+02
2.407324E+02,1.091171E+02
2.407324E+02,1.092112E+02
2.407324E+02,1.093053E+02
2.407324E+02,1.093994E+02
2.407324E+02,1.094934E+02
2.407324E+02,1.095875E+02
2.407324E+02,1.096816E+02
2.407324E+02,1.097757E+02
2.407324E+02,1.098697E+02
2.407324E+02,1.099638E+02
2.407324E+02,1.100579E+02
2.407324E+02,1.101519E+02
2.407324E+02,1.102460E+02
2.407324E+02,1.103401E+02
2.407324E+02,1.104342E+02
2.407324E+02,1.105282E+02
2.407324E+02,1.106223E+02
2.407324E+02,1.107164E+02
2.407324E+02,1.108104E+02
2.407324E+02,1.109045E+02
2.407324E+02,1.109986E+02
2.407324E+02,1.110927E+02
2.407324E+02,1.111867E+02
2.407324E+02,1.112808E+02
2.407324E+02,1.113749E+02
2.407324E+02,1.114689E+02
2.407324E+02,1.115630E+02
2.407324E+02,1.116571E+02
2.407324E+02,1.117512E+02
2.407324E+02,1.118452E+02
2.407324E+02,1.119393E+02
2.407324E+02,1.120334E+02
2.407324E+02,1.121274E+02
2.407324E+02,1.122215E+02
2.407324E+02,1.123156E+02
2.407324E+02,1.124097E+02
2.407324E+02,1.125037E+02
2.407324E+02,1.125978E+02
2.407324E+02,1.126919E+02
2.407324E+02,1.127859E+02
2.407324E+02,1.128800E+02
2.407324E+02,1.129741E+02
2.407324E+02,1.130682E+02
2.407324E+02,1.131622E+02
2.407324E+02,1.132563E+02
2.407324E+02,1.133504E+02
2.407324E+02,1.134444E+02
2.407324E+02,1.135385E+02
2.407324E+02,1.136326E+02
2.407324E+02,1.137267E+02
2.407324E+02,1.138207E+02
2.407324E+02,1.139148E+02
2.407324E+02,1.140089E+02
2.407324E+02,1.141029E+02
2.407324E+02,1.141970E+02
2.407324E+02,1.142911E+02
2.407324E+02,1.143852E+02
2.407324E+02,1.144792E+02
2.407324E+02,1.145733E+02
2.407324E+02,1.146674E+02
2.407324E+02,1.147614E+02
2.407324E+02,1.148555E+02
2.407324E+02,1.149496E+02
2.407324E+02,1.150436E+02
2.407324E+02,1.151377E+02
2.407324E+02,1.152318E+02
2.407324E+02,1.153259E+02
2.407324E+02,1.154199E+02
2.407324E+02,1.155140E+02
2.407324E+02,1.156081E+02
2.407324E+02,1.157021E+02
2.407324E+02,1.157962E+02
2.407324E+02,1.158903E+02
2.407324E+02,1.159844E+02
2.407324E+02,1.160784E+02
2.407324E+02,1.161725E+02
2.407324E+02,1.162666E+02
2.407324E+02,1.163606E+02
2.407324E+02,1.164547E+02
2.407324E+02,1.165488E+02
2.407324E+02,1.166429E+02
2.407324E+02,1.167369E+02
2.407324E+02,1.168310E+02
2.407324E+02,1.169251E+02
2.407324E+02,1.170191E+02
2.407324E+02,1.171132E+02
2.407324E+02,1.172073E+02
2.407324E+02,1.173013E+02
2.407324E+02,1.173954E+02
2.407324E+02,1.174895E+02
2.407324E+02,1.175836E+02
2.407324E+02,1.176776E+02
2.407324E+02,1.177717E+02
2.407324E+02,1.178658E+02
2.407324E+02,1.179598E+02
2.407324E+02,1.180539E+02
2.407324E+02,1.181480E+02
2.407324E+02,1.182421E+02
2.407324E+02,1.183361E+02
2.407324E+02,1.184302E+02
2.407324E+02,1.185243E+02
2.407324E+02,1.186183E+02
2.407324E+02,1.187124E+02
2.407324E+02,1.188065E+02
2.407324E+02,1.189005E+02
2.407324E+02,1.189946E+02
2.407324E+02,1.190887E+02
2.407324E+02,1.191828E+02
2.407324E+02,1.192768E+02
2.407324E+02,1.193709E+02
2.407324E+02,1.194650E+02
2.407324E+02,1.195590E+02
2.407324E+02,1.196531E+02
2.407324E+02,1.197472E+02
2.407324E+02,1.198412E+02
2.407324E+02,1.199353E+02
2.407324E+02,1.200294E+02
2.407324E+02,1.201235E+02
2.407324E+02,1.202175E+02
2.407324E+02,1.203116E+02
2.407324E+02,1.204057E+02
2.407324E+02,1.204997E+02
2.407324E+02,1.205938E+02
2.407324E+02,1.206879E+02
2.407324E+02,1.207819E+02
2.407324E+02,1.208760E+02
2.407324E+02,1.209701E+02
2.407324E+02,1.210642E+02
2.407324E+02,1.211582E+02
2.407324E+02,1.212523E+02
2.407324E+02,1.213464E+02
2.407324E+02,1.214404E+02
2.407324E+02,1.215345E+02
2.407324E+02,1.216286E+02
2.407324E+02,1.217226E+02
2.407324E+02,1.218167E+02
2.407324E+02,1.219108E+02
2.407324E+02,1.220048E+02
2.407324E+02,1.220989E+02
2.407324E+02,1.221930E+02
2.407324E+02,1.222871E+02
2.407324E+02,1.223811E+02
2.407324E+02,1.224752E+02
2.407324E+02,1.225693E+02
2.407324E+02,1.226633E+02
2.407324E+02,1.227574E+02
2.407324E+02,1.228515E+02
2.407324E+02,1.229455E+02
2.407324E+02,1.230396E+02
2.407324E+02,1.231337E+02
2.407324E+02,1.232278E+02
2.407324E+02,1.233218E+02
2.407324E+02,1.234159E+02
2.407324E+02,1.235100E+02
2.407324E+02,1.236040E+02
2.407324E+02,1.236981E+02
2.407324E+02,1.237922E+02
2.407324E+02,1.238862E+02
2.407324E+02,1.239803E+02
2.407324E+02,1.240744E+02
2.407324E+02,1.241684E+02
2.407324E+02,1.242625E+02
2.407324E+02,1.243566E+02
2.407324E+02,1.244507E+02
2.407324E+02,1.245447E+02
2.407324E+02,1.246388E+02
2.407324E+02,1.247329E+02
2.407324E+02,1.248269E+02
2.407324E+02,1.249210E+02
2.407324E+02,1.250151E+02
2.407324E+02,1.251091E+02
2.407324E+02,1.252032E+02
2.407324E+02,1.252973E+02
2.407324E+02,1.253913E+02
2.407324E+02,1.254854E+02
2.407324E+02,1.255795E+02
2.407324E+02,1.256736E+02
2.407324E+02,1.257676E+02
2.407324E+02,1.258617E+02
2.407324E+02,1.259558E+02
2.407324E+02,1.260498E+02
2.407324E+02,1.261439E+02
2.407324E+02,1.262380E+02
2.407324E+02,1.263320E+02
2.407324E+02,1.264261E+02
2.407324E+02,1.265202E+02
2.407324E+02,1.266142E+02
2.407324E+02,1.267083E+02
2.407324E+02,1.268024E+02
2.407324E+02,1.268964E+02
2.407324E+02,1.269905E+02
2.407324E+02,1.270846E+02
2.407324E+02,1.271787E+02
2.407324E+02,1.272727E+02
2.407324E+02,1.273668E+02
2.407324E+02,1.274609E+02
2.407324E+02,1.275549E+02
2.407324E+02,1.276490E+02
2.407324E+02,1.277431E+02
2.407324E+02,1.278371E+02
2.407324E+02,1.279312E+02
2.407324E+02,1.280253E+02
2.407324E+02,1.281193E+02
2.407324E+02,1.282134E+02
2.407324E+02,1.283075E+02
2.407324E+02,1.284015E+02
2.407324E+02,1.284956E+02
2.407324E+02,1.285897E+02
2.407324E+02,1.286838E+02
2.407324E+02,1.287778E+02
2.407324E+02,1.288719E+02
2.407324E+02,1.289660E+02
2.407324E+02,1.290600E+02
2.407324E+02,1.291541E+02
2.407324E+02,1.292482E+02
2.407324E+02,1.293422E+02
2.407324E+02,1.294363E+02
2.407324E+02,1.295304E+02
2.407324E+02,1.296244E+02
2.407324E+02,1.297185E+02
2.407324E+02,1.298126E+02
2.407324E+02,1.299066E+02
2.407324E+02,1.300007E+02
2.407324E+02,1.300948E+02
2.407324E+02,1.301888E+02
2.407324E+02,1.302829E+02
2.407324E+02,1.303770E+02
2.407324E+02,1.304711E+02
2.407324E+02,1.305651E+02
2.407324E+02,1.306592E+02
2.407348E+02,1.306592E+02
2.407358E+02,1.307532E+02
2.407362E+02,1.308473E+02
2.407365E+02,1.309414E+02
2.407367E+02,1.310354E+02
2.407368E+02,1.311295E+02
2.407368E+02,1.312235E+02
2.407367E+02,1.313175E+02
2.407365E+02,1.314114E+02
2.407362E+02,1.315053E+02
2.407358E+02,1.315990E+02
2.407354E+02,1.316927E+02
2.407348E+02,1.317863E+02
2.407343E+02,1.318798E+02
2.407337E+02,1.319732E+02
2.407331E+02,1.320666E+02
2.407325E+02,1.321598E+02
2.407320E+02,1.322530E+02
2.407315E+02,1.323462E+02
2.407311E+02,1.324393E+02
2.407308E+02,1.325323E+02
2.407305E+02,1.326254E+02
2.407303E+02,1.327183E+02
2.407302E+02,1.328113E+02
2.407302E+02,1.329043E+02
2.407302E+02,1.329972E+02
2.407303E+02,1.330902E+02
2.407305E+02,1.331832E+02
2.407307E+02,1.332762E+02
2.407309E+02,1.333692E+02
2.407311E+02,1.334622E+02
2.407314E+02,1.335553E+02
2.407316E+02,1.336484E+02
2.407319E+02,1.337416E+02
2.407321E+02,1.338348E+02
2.407323E+02,1.339280E+02
2.407324E+02,1.340213E+02
2.407326E+02,1.341146E+02
2.407327E+02,1.342079E+02
2.407327E+02,1.343013E+02
2.407328E+02,1.343948E+02
2.407328E+02,1.344883E+02
2.407328E+02,1.345818E+02
2.407327E+02,1.346753E+02
2.407327E+02,1.347689E+02
2.407327E+02,1.348625E+02
2.407326E+02,1.349562E+02
2.407325E+02,1.350498E+02
2.407324E+02,1.351435E+02
2.407324E+02,1.352372E+02
2.407323E+02,1.353309E+02
2.407322E+02,1.354247E+02
2.407322E+02,1.355184E+02
2.407321E+02,1.356122E+02
2.407320E+02,1.357059E+02
2.407320E+02,1.357997E+02
2.407319E+02,1.358935E+02
2.407319E+02,1.359872E+02
2.407318E+02,1.360810E+02
2.407318E+02,1.361748E+02
2.407317E+02,1.362686E+02
2.407317E+02,1.363624E+02
2.407316E+02,1.364562E+02
2.407315E+02,1.365500E+02
2.407315E+02,1.366438E+02
2.407314E+02,1.367376E+02
2.407313E+02,1.368314E+02
2.407312E+02,1.369252E+02
2.407312E+02,1.370191E+02
2.407311E+02,1.371129E+02
2.407310E+02,1.372067E+02
2.407309E+02,1.373006E+02
2.407308E+02,1.373944E+02
2.407307E+02,1.374883E+02
2.407306E+02,1.375822E+02
2.407305E+02,1.376761E+02
2.407304E+02,1.377700E+02
2.407303E+02,1.378639E+02
2.407302E+02,1.379578E+02
2.407301E+02,1.380517E+02
2.407300E+02,1.381457E+02
2.407299E+02,1.382396E+02
2.407298E+02,1.383336E+02
2.407297E+02,1.384276E+02
2.407296E+02,1.385216E+02
2.407295E+02,1.386156E+02
2.407294E+02,1.387096E+02
2.407293E+02,1.388036E+02
2.407292E+02,1.388976E+02
2.407291E+02,1.389916E+02
2.407290E+02,1.390856E+02
2.407289E+02,1.391797E+02
2.407288E+02,1.392737E+02
2.407287E+02,1.393678E+02
2.407286E+02,1.394618E+02
2.407284E+02,1.395559E+02
2.407283E+02,1.396500E+02
2.407282E+02,1.397440E+02
2.407280E+02,1.398381E+02
2.407279E+02,1.399322E+02
2.407277E+02,1.400263E+02
2.407276E+02,1.401203E+02
2.407274E+02,1.402144E+02
2.407272E+02,1.403085E+02
2.407270E+02,1.404026E+02
2.407268E+02,1.404967E+02
2.407266E+02,1.405908E+02
2.407263E+02,1.406849E+02
2.407261E+02,1.407790E+02
2.407259E+02,1.408731E+02
2.407256E+02,1.409672E+02
2.407253E+02,1.410613E+02
2.407251E+02,1.411554E+02
2.407248E+02,1.412495E+02
2.407245E+02,1.413436E+02
2.407242E+02,1.414377E+02
2.407240E+02,1.415318E+02
2.407237E+02,1.416259E+02
2.407234E+02,1.417200E+02
2.407231E+02,1.418141E+02
2.407228E+02,1.419083E+02
2.407225E+02,1.420024E+02
2.407222E+02,1.420965E+02
2.407219E+02,1.421906E+02
2.407216E+02,1.422848E+02
2.407213E+02,1.423789E+02
2.407210E+02,1.424731E+02
2.407207E+02,1.425672E+02
2.407205E+02,1.426614E+02
2.407202E+02,1.427555E+02
2.407199E+02,1.428497E+02
2.407196E+02,1.429439E+02
2.407193E+02,1.430380E+02
2.407190E+02,1.431322E+02
2.407187E+02,1.432264E+02
2.407185E+02,1.433206E+02
2.407182E+02,1.434147E+02
2.407179E+02,1.435089E+02
2.407177E+02,1.436031E+02
2.407174E+02,1.436973E+02
2.407172E+02,1.437915E+02
2.407169E+02,1.438857E+02
2.407167E+02,1.439799E+02
2.407164E+02,1.440742E+02
2.407162E+02,1.441684E+02
2.407160E+02,1.442626E+02
2.407158E+02,1.443568E+02
2.407156E+02,1.444510E+02
2.407153E+02,1.445452E+02
2.407151E+02,1.446395E+02
2.407149E+02,1.447337E+02
2.407147E+02,1.448279E+02
2.407146E+02,1.449221E+02
2.407144E+02,1.450164E+02
2.407142E+02,1.451106E+02
2.407140E+02,1.452048E+02
2.407138E+02,1.452990E+02
2.407137E+02,1.453933E+02
2.407135E+02,1.454875E+02
2.407134E+02,1.455817E+02
2.407132E+02,1.456760E+02
2.407130E+02,1.457702E+02
2.407129E+02,1.458644E+02
2.407127E+02,1.459587E+02
2.407126E+02,1.460529E+02
2.407125E+02,1.461472E+02
2.407123E+02,1.462414E+02
2.407122E+02,1.463356E+02
2.407120E+02,1.464299E+02
2.407119E+02,1.465241E+02
2.407118E+02,1.466184E+02
2.407116E+02,1.467126E+02
2.407115E+02,1.468069E+02
2.407114E+02,1.469011E+02
2.407112E+02,1.469954E+02
2.407111E+02,1.470897E+02
2.407110E+02,1.471839E+02
2.407108E+02,1.472782E+02
2.407107E+02,1.473725E+02
2.407105E+02,1.474667E+02
2.407104E+02,1.475610E+02
2.407103E+02,1.476553E+02
2.407101E+02,1.477495E+02
2.407100E+02,1.478438E+02
2.407098E+02,1.479381E+02
2.407097E+02,1.480324E+02
2.407095E+02,1.481267E+02
2.407094E+02,1.482209E+02
2.407092E+02,1.483152E+02
2.407091E+02,1.484095E+02
2.407089E+02,1.485038E+02
2.407087E+02,1.485981E+02
2.407086E+02,1.486924E+02
2.407084E+02,1.487867E+02
2.407082E+02,1.488810E+02
2.407081E+02,1.489753E+02
2.407079E+02,1.490696E+02
2.407077E+02,1.491639E+02
2.407075E+02,1.492582E+02
2.407073E+02,1.493525E+02
2.407071E+02,1.494468E+02
2.407069E+02,1.495411E+02
2.407067E+02,1.496355E+02
2.407065E+02,1.497298E+02
2.407063E+02,1.498241E+02
2.407061E+02,1.499184E+02
2.407059E+02,1.500127E+02
2.407056E+02,1.501070E+02
2.407054E+02,1.502014E+02
2.407052E+02,1.502957E+02
2.407050E+02,1.503900E+02
2.407047E+02,1.504843E+02
2.407045E+02,1.505787E+02
2.407042E+02,1.506730E+02
2.407040E+02,1.507673E+02
2.407038E+02,1.508617E+02
2.407035E+02,1.509560E+02
2.407033E+02,1.510503E+02
2.407030E+02,1.511447E+02
2.407028E+02,1.512390E+02
2.407025E+02,1.513334E+02
2.407023E+02,1.514277E+02
2.407020E+02,1.515221E+02
2.407018E+02,1.516164E+02
2.407015E+02,1.517107E+02
2.407013E+02,1.518051E+02
2.407011E+02,1.518995E+02
2.407008E+02,1.519938E+02
2.407006E+02,1.520882E+02
2.407003E+02,1.521825E+02
2.407001E+02,1.522769E+02
2.406998E+02,1.523713E+02
2.406996E+02,1.524656E+02
2.406994E+02,1.525600E+02
2.406991E+02,1.526544E+02
2.406989E+02,1.527487E+02
2.406987E+02,1.528431E+02
2.406984E+02,1.529375E+02
2.406982E+02,1.530318E+02
2.406980E+02,1.531262E+02
2.406978E+02,1.532206E+02
2.406975E+02,1.533150E+02
2.406973E+02,1.534094E+02
2.406971E+02,1.535037E+02
2.406969E+02,1.535981E+02
2.406967E+02,1.536925E+02
2.406965E+02,1.537869E+02
2.406963E+02,1.538813E+02
2.406961E+02,1.539757E+02
2.406959E+02,1.540701E+02
2.406957E+02,1.541645E+02
2.406955E+02,1.542589E+02
2.406953E+02,1.543533E+02
2.406951E+02,1.544477E+02
2.406949E+02,1.545421E+02
2.406947E+02,1.546365E+02
2.406946E+02,1.547309E+02
2.406944E+02,1.548253E+02
2.406942E+02,1.549197E+02
2.406940E+02,1.550141E+02
2.406939E+02,1.551085E+02
2.406937E+02,1.552029E+02
2.406935E+02,1.552973E+02
2.406933E+02,1.553918E+02
2.406932E+02,1.554862E+02
2.406930E+02,1.555806E+02
2.406928E+02,1.556750E+02
2.406927E+02,1.557694E+02
2.406925E+02,1.558638E+02
2.406923E+02,1.559583E+02
2.406922E+02,1.560527E+02
2.406920E+02,1.561471E+02
2.406918E+02,1.562415E+02
2.406917E+02,1.563360E+02
2.406915E+02,1.564304E+02
2.406913E+02,1.565248E+02
2.406912E+02,1.566193E+02
2.406910E+02,1.567137E+02
2.406908E+02,1.568081E+02
2.406907E+02,1.569026E+02
2.406905E+02,1.569970E+02
2.406903E+02,1.570915E+02
2.406901E+02,1.571859E+02
2.406900E+02,1.572803E+02
2.406898E+02,1.573748E+02
2.406896E+02,1.574692E+02
2.406894E+02,1.575637E+02
2.406893E+02,1.576581E+02
2.406891E+02,1.577526E+02
2.406889E+02,1.578471E+02
2.406887E+02,1.579415E+02
2.406885E+02,1.580360E+02
2.406883E+02,1.581304E+02
2.406882E+02,1.582249E+02
2.406880E+02,1.583193E+02
2.406878E+02,1.584138E+02
2.406876E+02,1.585083E+02
2.406874E+02,1.586027E+02
2.406872E+02,1.586972E+02
2.406870E+02,1.587917E+02
2.406868E+02,1.588862E+02
2.406866E+02,1.589806E+02
2.406864E+02,1.590751E+02
2.406862E+02,1.591696E+02
2.406860E+02,1.592641E+02
2.406857E+02,1.593585E+02
2.406855E+02,1.594530E+02
2.406853E+02,1.595475E+02
2.406851E+02,1.596420E+02
2.406849E+02,1.597365E+02
2.406847E+02,1.598310E+02
2.406844E+02,1.599255E+02
2.406842E+02,1.600200E+02
2.406840E+02,1.601145E+02
2.406838E+02,1.602089E+02
2.406836E+02,1.603034E+02
2.406833E+02,1.603979E+02
2.406831E+02,1.604924E+02
2.406829E+02,1.605869E+02
2.406827E+02,1.606814E+02
2.406824E+02,1.607760E+02
2.406822E+02,1.608705E+02
2.406820E+02,1.609650E+02
2.406818E+02,1.610595E+02
2.406816E+02,1.611540E+02
2.406813E+02,1.612485E+02
2.406811E+02,1.613430E+02
2.406809E+02,1.614375E+02
2.406807E+02,1.615321E+02
2.406804E+02,1.616266E+02
2.406802E+02,1.617211E+02
2.406800E+02,1.618156E+02
2.406798E+02,1.619101E+02
2.406796E+02,1.620047E+02
2.406794E+02,1.620992E+02
2.406791E+02,1.621937E+02
2.406789E+02,1.622883E+02
2.406787E+02,1.623828E+02
2.406785E+02,1.624773E+02
2.406783E+02,1.625719E+02
2.406781E+02,1.626664E+02
2.406779E+02,1.627609E+02
2.406777E+02,1.628555E+02
2.406775E+02,1.629500E+02
2.406773E+02,1.630446E+02
2.406771E+02,1.631391E+02
2.406769E+02,1.632337E+02
2.406767E+02,1.633282E+02
2.406765E+02,1.634228E+02
2.406763E+02,1.635173E+02
2.406761E+02,1.636119E+02
2.406759E+02,1.637064E+02
2.406757E+02,1.638010E+02
2.406755E+02,1.638955E+02
2.406753E+02,1.639901E+02
2.406751E+02,1.640847E+02
2.406749E+02,1.641792E+02
2.406747E+02,1.642738E+02
2.406745E+02,1.643684E+02
2.406744E+02,1.644629E+02
2.406742E+02,1.645575E+02
2.406740E+02,1.646521E+02
2.406738E+02,1.647466E+02
2.406736E+02,1.648412E+02
2.406734E+02,1.649358E+02
2.406733E+02,1.650304E+02
2.406731E+02,1.651249E+02
2.406729E+02,1.652195E+02
2.406727E+02,1.653141E+02
2.406725E+02,1.654087E+02
2.406723E+02,1.655033E+02
2.406722E+02,1.655978E+02
2.406720E+02,1.656924E+02
2.406718E+02,1.657870E+02
2.406716E+02,1.658816E+02
2.406714E+02,1.659762E+02
2.406712E+02,1.660708E+02
2.406711E+02,1.661654E+02
2.406709E+02,1.662600E+02
2.406707E+02,1.663546E+02
2.406705E+02,1.664492E+02
2.406703E+02,1.665438E+02
2.406701E+02,1.666384E+02
2.406699E+02,1.667330E+02
2.406697E+02,1.668276E+02
2.406696E+02,1.669222E+02
2.406694E+02,1.670168E+02
2.406692E+02,1.671114E+02
2.406690E+02,1.672060E+02
2.406688E+02,1.673007E+02
2.406686E+02,1.673953E+02
2.406684E+02,1.674899E+02
2.406682E+02,1.675845E+02
2.406680E+02,1.676791E+02
2.406678E+02,1.677738E+02
2.406676E+02,1.678684E+02
2.406674E+02,1.679630E+02
2.406672E+02,1.680576E+02
2.406670E+02,1.681523E+02
2.406668E+02,1.682469E+02
2.406666E+02,1.683415E+02
2.406664E+02,1.684362E+02
2.406662E+02,1.685308E+02
2.406660E+02,1.686254E+02
2.406658E+02,1.687201E+02
2.406656E+02,1.688147E+02
2.406654E+02,1.689093E+02
2.406652E+02,1.690040E+02
2.406650E+02,1.690986E+02
2.406647E+02,1.691933E+02
2.406645E+02,1.692879E+02
2.406643E+02,1.693826E+02
2.406641E+02,1.694772E+02
2.406639E+02,1.695719E+02
2.406637E+02,1.696665E+02
2.406635E+02,1.697612E+02
2.406633E+02,1.698558E+02
2.406631E+02,1.699505E+02
2.406628E+02,1.700452E+02
2.406626E+02,1.701398E+02
2.406624E+02,1.702345E+02
2.406622E+02,1.703292E+02
2.406620E+02,1.704238E+02
2.406618E+02,1.705185E+02
2.406616E+02,1.706132E+02
2.406614E+02,1.707078E+02
2.406611E+02,1.708025E+02
2.406609E+02,1.708972E+02
2.406607E+02,1.709919E+02
2.406605E+02,1.710865E+02
2.406603E+02,1.711812E+02
2.406601E+02,1.712759E+02
2.406599E+02,1.713706E+02
2.406597E+02,1.714653E+02
2.406595E+02,1.715600E+02
2.406593E+02,1.716547E+02
2.406591E+02,1.717493E+02
2.406589E+02,1.718440E+02
2.406587E+02,1.719387E+02
2.406584E+02,1.720334E+02
2.406582E+02,1.721281E+02
2.406580E+02,1.722228E+02
2.406578E+02,1.723175E+02
2.406576E+02,1.724122E+02
2.406574E+02,1.725069E+02
2.406572E+02,1.726016E+02
2.406570E+02,1.726963E+02
2.406568E+02,1.727910E+02
2.406566E+02,1.728857E+02
2.406564E+02,1.729805E+02
2.406562E+02,1.730752E+02
2.406561E+02,1.731699E+02
2.406559E+02,1.732646E+02
2.406557E+02,1.733593E+02
2.406555E+02,1.734540E+02
2.406553E+02,1.735487E+02
2.406551E+02,1.736435E+02
2.406549E+02,1.737382E+02
2.406547E+02,1.738329E+02
2.406545E+02,1.739276E+02
2.406543E+02,1.740224E+02
2.406541E+02,1.741171E+02
2.406539E+02,1.742118E+02
2.406537E+02,1.743066E+02
2.406535E+02,1.744013E+02
2.406533E+02,1.744960E+02
2.406532E+02,1.745908E+02
2.406530E+02,1.746855E+02
2.406528E+02,1.747802E+02
2.406526E+02,1.748750E+02
2.406524E+02,1.749697E+02
2.406522E+02,1.750645E+02
2.406520E+02,1.751592E+02
2.406518E+02,1.752540E+02
2.406516E+02,1.753487E+02
2.406514E+02,1.754435E+02
2.406512E+02,1.755382E+02
2.406510E+02,1.756330E+02
2.406509E+02,1.757277E+02
2.406507E+02,1.758225E+02
2.406505E+02,1.759172E+02
2.406503E+02,1.760120E+02
2.406501E+02,1.761068E+02
2.406499E+02,1.762015E+02
2.406497E+02,1.762963E+02
2.406495E+02,1.763911E+02
2.406493E+02,1.764858E+02
2.406491E+02,1.765806E+02
2.406489E+02,1.766754E+02
2.406487E+02,1.767701E+02
2.406485E+02,1.768649E+02
2.406483E+02,1.769597E+02
2.406481E+02,1.770545E+02
2.406479E+02,1.771493E+02
2.406477E+02,1.772440E+02
2.406475E+02,1.773388E+02
2.406473E+02,1.774336E+02
2.406471E+02,1.775284E+02
2.406469E+02,1.776232E+02
2.406467E+02,1.777180E+02
2.406465E+02,1.778128E+02
2.406463E+02,1.779075E+02
2.406461E+02,1.780023E+02
2.406459E+02,1.780971E+02
2.406457E+02,1.781919E+02
2.406455E+02,1.782867E+02
2.406453E+02,1.783815E+02
2.406451E+02,1.784763E+02
2.406449E+02,1.785711E+02
2.406447E+02,1.786659E+02
2.406444E+02,1.787607E+02
2.406442E+02,1.788556E+02
2.406440E+02,1.789504E+02
2.406438E+02,1.790452E+02
2.406436E+02,1.791400E+02
2.406434E+02,1.792348E+02
2.406432E+02,1.793296E+02
2.406430E+02,1.794244E+02
2.406428E+02,1.795193E+02
2.406426E+02,1.796141E+02
2.406424E+02,1.797089E+02
2.406422E+02,1.798037E+02
2.406420E+02,1.798986E+02
2.406418E+02,1.799934E+02
2.406416E+02,-1.799118E+02
2.406414E+02,-1.798170E+02
2.406412E+02,-1.797221E+02
2.406409E+02,-1.796273E+02
2.406407E+02,-1.795325E+02
2.406405E+02,-1.794376E+02
2.406403E+02,-1.793428E+02
2.406401E+02,-1.792479E+02
2.406399E+02,-1.791531E+02
2.406397E+02,-1.790583E+02
2.406395E+02,-1.789634E+02
2.406393E+02,-1.788686E+02
2.406391E+02,-1.787737E+02
2.406389E+02,-1.786789E+02
2.406387E+02,-1.785840E+02
2.406385E+02,-1.784892E+02
2.406383E+02,-1.783943E+02
2.406381E+02,-1.782994E+02
2.406379E+02,-1.782046E+02
2.406377E+02,-1.781097E+02
2.406375E+02,-1.780149E+02
2.406373E+02,-1.779200E+02
2.406371E+02,-1.778251E+02
2.406369E+02,-1.777303E+02
2.406367E+02,-1.776354E+02
2.406365E+02,-1.775405E+02
2.406363E+02,-1.774457E+02
2.406361E+02,-1.773508E+02
2.406359E+02,-1.772559E+02
2.406357E+02,-1.771610E+02
2.406355E+02,-1.770662E+02
2.406353E+02,-1.769713E+02
2.406351E+02,-1.768764E+02
2.406349E+02,-1.767815E+02
2.406347E+02,-1.766867E+02
2.406345E+02,-1.765918E+02
2.406343E+02,-1.764969E+02
2.406341E+02,-1.764020E+02
2.406339E+02,-1.763071E+02
2.406337E+02,-1.762122E+02
2.406336E+02,-1.761173E+02
2.406334E+02,-1.760224E+02
2.406332E+02,-1.759275E+02
2.406330E+02,-1.758326E+02
2.406328E+02,-1.757377E+02
2.406326E+02,-1.756428E+02
2.406324E+02,-1.755479E+02
2.406322E+02,-1.754530E+02
2.406320E+02,-1.753581E+02
2.406318E+02,-1.752632E+02
2.406316E+02,-1.751683E+02
2.406314E+02,-1.750734E+02
2.406312E+02,-1.749785E+02
2.406310E+02,-1.748836E+02
2.406308E+02,-1.747887E+02
2.406306E+02,-1.746937E+02
2.406304E+02,-1.745988E+02
2.406302E+02,-1.745039E+02
2.406300E+02,-1.744090E+02
2.406298E+02,-1.743141E+02
2.406296E+02,-1.742191E+02
2.406294E+02,-1.741242E+02
2.406292E+02,-1.740293E+02
2.406290E+02,-1.739344E+02
2.406288E+02,-1.738394E+02
2.406286E+02,-1.737445E+02
2.406284E+02,-1.736496E+02
2.406282E+02,-1.735546E+02
2.406280E+02,-1.734597E+02
2.406278E+02,-1.733647E+02
2.406276E+02,-1.732698E+02
2.406274E+02,-1.731749E+02
2.406272E+02,-1.730799E+02
2.406270E+02,-1.729850E+02
2.406268E+02,-1.728900E+02
2.406266E+02,-1.727951E+02
2.406264E+02,-1.727001E+02
2.406262E+02,-1.726052E+02
2.406260E+02,-1.725102E+02
2.406258E+02,-1.724153E+02
2.406256E+02,-1.723203E+02
2.406254E+02,-1.722254E+02
2.406252E+02,-1.721304E+02
2.406250E+02,-1.720354E+02
2.406248E+02,-1.719405E+02
2.406246E+02,-1.718455E+02
2.406244E+02,-1.717506E+02
2.406242E+02,-1.716556E+02
2.406240E+02,-1.715606E+02
2.406238E+02,-1.714656E+02
2.406236E+02,-1.713707E+02
2.406234E+02,-1.712757E+02
2.406231E+02,-1.711807E+02
2.406229E+02,-1.710857E+02
2.406227E+02,-1.709908E+02
2.406225E+02,-1.708958E+02
2.406223E+02,-1.708008E+02
2.406221E+02,-1.707058E+02
2.406219E+02,-1.706108E+02
2.406217E+02,-1.705159E+02
2.406215E+02,-1.704209E+02
2.406213E+02,-1.703259E+02
2.406211E+02,-1.702309E+02
2.406209E+02,-1.701359E+02
2.406207E+02,-1.700409E+02
2.406205E+02,-1.699459E+02
2.406203E+02,-1.698509E+02
2.406201E+02,-1.697559E+02
2.406199E+02,-1.696609E+02
2.406197E+02,-1.695659E+02
2.406195E+02,-1.694709E+02
2.406193E+02,-1.693759E+02
2.406191E+02,-1.692809E+02
2.406189E+02,-1.691859E+02
2.406187E+02,-1.690909E+02
2.406185E+02,-1.689959E+02
2.406183E+02,-1.689008E+02
2.406181E+02,-1.688058E+02
2.406179E+02,-1.687108E+02
2.406177E+02,-1.686158E+02
2.406175E+02,-1.685208E+02
2.406173E+02,-1.684258E+02
2.406171E+02,-1.683307E+02
2.406169E+02,-1.682357E+02
2.406167E+02,-1.681407E+02
2.406165E+02,-1.680456E+02
2.406163E+02,-1.679506E+02
2.406161E+02,-1.678556E+02
2.406159E+02,-1.677606E+02
2.406157E+02,-1.676655E+02
2.406155E+02,-1.675705E+02
2.406153E+02,-1.674755E+02
2.406151E+02,-1.673804E+02
2.406149E+02,-1.672854E+02
2.406147E+02,-1.671903E+02
2.406145E+02,-1.670953E+02
2.406143E+02,-1.670002E+02
2.406141E+02,-1.669052E+02
2.406139E+02,-1.668101E+02
2.406137E+02,-1.667151E+02
2.406135E+02,-1.666200E+02
2.406133E+02,-1.665250E+02
2.406131E+02,-1.664299E+02
2.406129E+02,-1.663349E+02
2.406127E+02,-1.662398E+02
2.406125E+02,-1.661448E+02
2.406123E+02,-1.660497E+02
2.406121E+02,-1.659546E+02
2.406119E+02,-1.658596E+02
2.406117E+02,-1.657645E+02
2.406115E+02,-1.656694E+02
2.406113E+02,-1.655744E+02
2.406111E+02,-1.654793E+02
2.406109E+02,-1.653842E+02
2.406107E+02,-1.652892E+02
2.406105E+02,-1.651941E+02
2.406103E+02,-1.650990E+02
2.406101E+02,-1.650039E+02
2.406099E+02,-1.649088E+02
2.406097E+02,-1.648138E+02
2.406095E+02,-1.647187E+02
2.406093E+02,-1.646236E+02
2.406091E+02,-1.645285E+02
2.406089E+02,-1.644334E+02
2.406087E+02,-1.643383E+02
2.406085E+02,-1.642432E+02
2.406083E+02,-1.641482E+02
2.406081E+02,-1.640531E+02
2.406079E+02,-1.639580E+02
2.406077E+02,-1.638629E+02
2.406075E+02,-1.637678E+02
2.406073E+02,-1.636727E+02
2.406071E+02,-1.635776E+02
2.406069E+02,-1.634825E+02
2.406067E+02,-1.633874E+02
2.406065E+02,-1.632922E+02
2.406063E+02,-1.631971E+02
2.406061E+02,-1.631020E+02
2.406059E+02,-1.630069E+02
2.406057E+02,-1.629118E+02
2.406055E+02,-1.628167E+02
2.406053E+02,-1.627216E+02
2.406051E+02,-1.626265E+02
2.406049E+02,-1.625313E+02
2.406047E+02,-1.624362E+02
2.406045E+02,-1.623411E+02
2.406043E+02,-1.622460E+02
2.406041E+02,-1.621508E+02
2.406039E+02,-1.620557E+02
2.406037E+02,-1.619606E+02
2.406035E+02,-1.618655E+02
2.406033E+02,-1.617703E+02
2.406031E+02,-1.616752E+02
2.406029E+02,-1.615800E+02
2.406027E+02,-1.614849E+02
2.406025E+02,-1.613898E+02
2.406023E+02,-1.612946E+02
2.406020E+02,-1.611995E+02
2.406018E+02,-1.611043E+02
2.406016E+02,-1.610092E+02
2.406014E+02,-1.609141E+02
2.406012E+02,-1.608189E+02
2.406010E+02,-1.607238E+02
2.406008E+02,-1.606286E+02
2.406006E+02,-1.605335E+02
2.406004E+02,-1.604383E+02
2.406002E+02,-1.603431E+02
2.406000E+02,-1.602480E+02
2.405998E+02,-1.601528E+02
2.405996E+02,-1.600577E+02
2.405994E+02,-1.599625E+02
2.405992E+02,-1.598673E+02
2.405990E+02,-1.597722E+02
2.405988E+02,-1.596770E+02
2.405986E+02,-1.595818E+02
2.405984E+02,-1.594867E+02
2.405982E+02,-1.593915E+02
2.405980E+02,-1.592963E+02
2.405978E+02,-1.592011E+02
2.405976E+02,-1.591060E+02
2.405974E+02,-1.590108E+02
2.405972E+02,-1.589156E+02
2.405970E+02,-1.588204E+02
2.405968E+02,-1.587252E+02
2.405966E+02,-1.586301E+02
2.405964E+02,-1.585349E+02
2.405962E+02,-1.584397E+02
2.405960E+02,-1.583445E+02
2.405958E+02,-1.582493E+02
2.405956E+02,-1.581541E+02
2.405954E+02,-1.580589E+02
2.405952E+02,-1.579637E+02
2.405950E+02,-1.578685E+02
2.405948E+02,-1.577733E+02
2.405946E+02,-1.576781E+02
2.405944E+02,-1.575829E+02
2.405942E+02,-1.574877E+02
2.405940E+02,-1.573925E+02
2.405938E+02,-1.572973E+02
2.405936E+02,-1.572021E+02
2.405934E+02,-1.571069E+02
2.405932E+02,-1.570117E+02
2.405930E+02,-1.569165E+02
2.405928E+02,-1.568212E+02
2.405926E+02,-1.567260E+02
2.405924E+02,-1.566308E+02
2.405922E+02,-1.565356E+02
2.405920E+02,-1.564404E+02
2.405918E+02,-1.563451E+02
2.405916E+02,-1.562499E+02
2.405914E+02,-1.561547E+02
2.405912E+02,-1.560595E+02
2.405910E+02,-1.559642E+02
2.405908E+02,-1.558690E+02
2.405906E+02,-1.557738E+02
2.405904E+02,-1.556785E+02
2.405902E+02,-1.555833E+02
2.405900E+02,-1.554881E+02
2.405898E+02,-1.553928E+02
2.405896E+02,-1.552976E+02
2.405894E+02,-1.552023E+02
2.405892E+02,-1.551071E+02
2.405890E+02,-1.550119E+02
2.405888E+02,-1.549166E+02
2.405886E+02,-1.548214E+02
2.405884E+02,-1.547261E+02
2.405882E+02,-1.546309E+02
2.405880E+02,-1.545356E+02
2.405878E+02,-1.544403E+02
2.405876E+02,-1.543451E+02
2.405874E+02,-1.542498E+02
2.405872E+02,-1.541546E+02
2.405870E+02,-1.540593E+02
2.405868E+02,-1.539640E+02
2.405866E+02,-1.538688E+02
2.405864E+02,-1.537735E+02
2.405862E+02,-1.536782E+02
2.405860E+02,-1.535830E+02
2.405858E+02,-1.534877E+02
2.405856E+02,-1.533924E+02
2.405854E+02,-1.532972E+02
2.405852E+02,-1.532019E+02
2.405850E+02,-1.531066E+02
2.405848E+02,-1.530113E+02
2.405846E+02,-1.529161E+02
2.405844E+02,-1.528208E+02
2.405842E+02,-1.527255E+02
2.405840E+02,-1.526302E+02
2.405837E+02,-1.525349E+02
2.405835E+02,-1.524396E+02
2.405833E+02,-1.523443E+02
2.405831E+02,-1.522490E+02
2.405829E+02,-1.521538E+02
2.405827E+02,-1.520585E+02
2.405825E+02,-1.519632E+02
2.405823E+02,-1.518679E+02
2.405821E+02,-1.517726E+02
2.405819E+02,-1.516773E+02
2.405817E+02,-1.515820E+02
2.405815E+02,-1.514867E+02
2.405813E+02,-1.513913E+02
2.405811E+02,-1.512960E+02
2.405809E+02,-1.512007E+02
2.405807E+02,-1.511054E+02
2.405805E+02,-1.510101E+02
2.405803E+02,-1.509148E+02
2.405801E+02,-1.508195E+02
2.405799E+02,-1.507242E+02
2.405797E+02,-1.506288E+02
2.405795E+02,-1.505335E+02
2.405793E+02,-1.504382E+02
2.405791E+02,-1.503429E+02
2.405789E+02,-1.502476E+02
2.405787E+02,-1.501522E+02
2.405785E+02,-1.500569E+02
2.405783E+02,-1.499616E+02
2.405781E+02,-1.498662E+02
2.405779E+02,-1.497709E+02
2.405777E+02,-1.496756E+02
2.405775E+02,-1.495802E+02
2.405773E+02,-1.494849E+02
2.405771E+02,-1.493896E+02
2.405769E+02,-1.492942E+02
2.405767E+02,-1.491989E+02
2.405765E+02,-1.491035E+02
2.405763E+02,-1.490082E+02
2.405761E+02,-1.489128E+02
2.405759E+02,-1.488175E+02
2.405757E+02,-1.487221E+02
2.405755E+02,-1.486268E+02
2.405753E+02,-1.485314E+02
2.405751E+02,-1.484361E+02
2.405749E+02,-1.483407E+02
2.405747E+02,-1.482454E+02
2.405745E+02,-1.481500E+02
2.405743E+02,-1.480546E+02
2.405741E+02,-1.479593E+02
2.405739E+02,-1.478639E+02
2.405737E+02,-1.477686E+02
2.405735E+02,-1.476732E+02
2.405733E+02,-1.475778E+02
2.405731E+02,-1.474824E+02
2.405729E+02,-1.473871E+02
2.405727E+02,-1.472917E+02
2.405725E+02,-1.471963E+02
2.405723E+02,-1.471009E+02
2.405721E+02,-1.470056E+02
2.405719E+02,-1.469102E+02
2.405717E+02,-1.468148E+02
2.405715E+02,-1.467194E+02
2.405713E+02,-1.466240E+02
2.405711E+02,-1.465286E+02
2.405709E+02,-1.464333E+02
2.405707E+02,-1.463379E+02
2.405705E+02,-1.462425E+02
2.405703E+02,-1.461471E+02
2.405701E+02,-1.460517E+02
2.405699E+02,-1.459563E+02
2.405697E+02,-1.458609E+02
2.405694E+02,-1.457655E+02
2.405692E+02,-1.456701E+02
2.405690E+02,-1.455747E+02
2.405688E+02,-1.454793E+02
2.405686E+02,-1.453839E+02
2.405684E+02,-1.452885E+02
2.405682E+02,-1.451931E+02
2.405680E+02,-1.450977E+02
2.405678E+02,-1.450022E+02
2.405676E+02,-1.449068E+02
2.405674E+02,-1.448114E+02
2.405672E+02,-1.447160E+02
2.405670E+02,-1.446206E+02
2.405668E+02,-1.445252E+02
2.405666E+02,-1.444297E+02
2.405664E+02,-1.443343E+02
2.405662E+02,-1.442389E+02
2.405660E+02,-1.441435E+02
2.405658E+02,-1.440480E+02
2.405656E+02,-1.439526E+02
2.405654E+02,-1.438572E+02
2.405652E+02,-1.437617E+02
2.405650E+02,-1.436663E+02
2.405648E+02,-1.435709E+02
2.405646E+02,-1.434754E+02
2.405644E+02,-1.433800E+02
2.405642E+02,-1.432845E+02
2.405640E+02,-1.431891E+02
2.405638E+02,-1.430937E+02
2.405636E+02,-1.429982E+02
2.405634E+02,-1.429028E+02
2.405632E+02,-1.428073E+02
2.405630E+02,-1.427119E+02
2.405628E+02,-1.426164E+02
2.405626E+02,-1.425210E+02
2.405624E+02,-1.424255E+02
2.405622E+02,-1.423300E+02
2.405620E+02,-1.422346E+02
2.405618E+02,-1.421391E+02
2.405616E+02,-1.420437E+02
2.405614E+02,-1.419482E+02
2.405612E+02,-1.418527E+02
2.405610E+02,-1.417573E+02
2.405608E+02,-1.416618E+02
2.405606E+02,-1.415663E+02
2.405604E+02,-1.414709E+02
2.405602E+02,-1.413754E+02
2.405600E+02,-1.412799E+02
2.405598E+02,-1.411844E+02
2.405596E+02,-1.410890E+02
2.405594E+02,-1.409935E+02
2.405592E+02,-1.408980E+02
2.405589E+02,-1.408025E+02
2.405587E+02,-1.407070E+02
2.405585E+02,-1.406116E+02
2.405583E+02,-1.405161E+02
2.405581E+02,-1.404206E+02
2.405579E+02,-1.403251E+02
2.405577E+02,-1.402296E+02
2.405575E+02,-1.401341E+02
2.405573E+02,-1.400386E+02
2.405571E+02,-1.399431E+02
2.405569E+02,-1.398476E+02
2.405567E+02,-1.397521E+02
2.405565E+02,-1.396566E+02
2.405563E+02,-1.395611E+02
2.405561E+02,-1.394656E+02
2.405559E+02,-1.393701E+02
2.405557E+02,-1.392746E+02
2.405555E+02,-1.391791E+02
2.405553E+02,-1.390836E+02
2.405551E+02,-1.389881E+02
2.405549E+02,-1.388925E+02
2.405547E+02,-1.387970E+02
2.405545E+02,-1.387015E+02
2.405543E+02,-1.386060E+02
2.405541E+02,-1.385105E+02
2.405539E+02,-1.384149E+02
2.405537E+02,-1.383194E+02
2.405535E+02,-1.382239E+02
2.405533E+02,-1.381284E+02
2.405531E+02,-1.380328E+02
2.405529E+02,-1.379373E+02
2.405527E+02,-1.378418E+02
2.405525E+02,-1.377462E+02
2.405523E+02,-1.376507E+02
2.405521E+02,-1.375552E+02
2.405519E+02,-1.374596E+02
2.405517E+02,-1.373641E+02
2.405515E+02,-1.372686E+02
2.405513E+02,-1.371730E+02
2.405511E+02,-1.370775E+02
2.405509E+02,-1.369819E+02
2.405507E+02,-1.368864E+02
2.405505E+02,-1.367908E+02
2.405503E+02,-1.366953E+02
2.405501E+02,-1.365997E+02
2.405499E+02,-1.365042E+02
2.405497E+02,-1.364086E+02
2.405495E+02,-1.363131E+02
2.405493E+02,-1.362175E+02
2.405491E+02,-1.361219E+02
2.405489E+02,-1.360264E+02
2.405487E+02,-1.359308E+02
2.405485E+02,-1.358352E+02
2.405483E+02,-1.357397E+02
2.405481E+02,-1.356441E+02
2.405479E+02,-1.355485E+02
2.405477E+02,-1.354530E+02
2.405475E+02,-1.353574E+02
2.405472E+02,-1.352618E+02
2.405470E+02,-1.351662E+02
2.405468E+02,-1.350707E+02
2.405466E+02,-1.349751E+02
2.405464E+02,-1.348795E+02
2.405462E+02,-1.347839E+02
2.405460E+02,-1.346883E+02
2.405458E+02,-1.345928E+02
2.405456E+02,-1.344972E+02
2.405454E+02,-1.344016E+02
2.405452E+02,-1.343060E+02
2.405450E+02,-1.342104E+02
2.405448E+02,-1.341148E+02
2.405446E+02,-1.340192E+02
2.405444E+02,-1.339236E+02
2.405442E+02,-1.338280E+02
2.405440E+02,-1.337324E+02
2.405438E+02,-1.336368E+02
2.405436E+02,-1.335412E+02
2.405434E+02,-1.334456E+02
2.405432E+02,-1.333500E+02
2.405430E+02,-1.332544E+02
2.405428E+02,-1.331588E+02
2.405426E+02,-1.330632E+02
2.405424E+02,-1.329676E+02
2.405422E+02,-1.328719E+02
2.405420E+02,-1.327763E+02
2.405418E+02,-1.326807E+02
2.405416E+02,-1.325851E+02
2.405414E+02,-1.324895E+02
2.405412E+02,-1.323938E+02
2.405410E+02,-1.322982E+02
2.405408E+02,-1.322026E+02
2.405406E+02,-1.321070E+02
2.405404E+02,-1.320113E+02
2.405402E+02,-1.319157E+02
2.405400E+02,-1.318201E+02
2.405398E+02,-1.317244E+02
2.405396E+02,-1.316288E+02
2.405394E+02,-1.315332E+02
2.405392E+02,-1.314375E+02
2.405390E+02,-1.313419E+02
2.405388E+02,-1.312463E+02
2.405386E+02,-1.311506E+02
2.405384E+02,-1.310550E+02
2.405381E+02,-1.309593E+02
2.405379E+02,-1.308637E+02
2.405377E+02,-1.307680E+02
2.405375E+02,-1.306724E+02
2.405373E+02,-1.305767E+02
2.405371E+02,-1.304811E+02
2.405369E+02,-1.303854E+02
2.405367E+02,-1.302897E+02
2.405365E+02,-1.301941E+02
2.405363E+02,-1.300984E+02
2.405361E+02,-1.300028E+02
2.405359E+02,-1.299071E+02
2.405357E+02,-1.298114E+02
2.405355E+02,-1.297158E+02
2.405353E+02,-1.296201E+02
2.405351E+02,-1.295244E+02
2.405349E+02,-1.294288E+02
2.405347E+02,-1.293331E+02
2.405345E+02,-1.292374E+02
2.405343E+02,-1.291417E+02